***n m*** 
30 15 
***h*** 
11 7 5 6 9 10 5 7 14 14 13 7 8 11 13 6 5 8 14 6 9 8 9 10 13 7 8 12 5 9 
***d*** 
777.78 104.95 925.15 624.83 110.4 111.1 101.15 426.19 1033.33 118.1 1065.49 104.13 428.78 457.7 794.74 97.47 611.83 109.84 681.44 740.59 110.92 437.96 974.07 1015.22 464.3 920.57 434.96 1047.76 576.17 441.49 
***M*** 
9 7 13 4 
6 5 1 15 7 3 
6 13 11 9 15 14 12 8 4 
6 11 9 8 
13 8 7 12 3 15 1 11 5 4 
3 9 14 11 10 1 
4 15 11 10 12 13 
6 4 12 3 9 
10 12 15 3 2 5 7 8 11 6 
13 3 4 14 8 11 9 
11 10 12 14 9 15 7 4 
12 9 8 2 
5 14 2 9 12 
10 12 15 5 7 2 
2 8 5 15 1 3 
14 9 8 1 6 15 5 11 
5 14 8 13 1 15 
6 7 5 12 4 3 2 
3 12 5 8 10 4 15 6 
4 11 13 10 8 12 7 2 3 
15 6 1 14 7 11 4 
2 11 6 12 3 5 
9 11 1 7 10 15 4 14 
7 11 12 13 
3 14 11 9 
12 11 10 6 2 8 5 4 3 1 
14 10 7 5 12 13 2 
15 1 6 13 9 
2 8 4 10 6 3 13 
13 1 2 14 10 7 5 3 8 
5 15 11 10 12 9 1 14 8 6 
12 5 1 9 14 3 6 4 13 
1 9 15 14 12 7 
1 6 15 4 
5 8 14 7 
8 7 3 10 15 1 2 
5 15 14 8 4 7 2 9 10 
4 5 12 10 
2 1 9 14 
2 10 3 13 4 5 7 6 9 
13 9 4 7 14 
12 4 1 14 8 5 13 
1 9 14 3 7 8 6 10 
3 2 12 8 10 6 9 15 4 7 
4 7 5 15 12 
13 5 9 15 8 
2 15 6 4 5 3 9 13 14 
12 8 14 10 6 9 
15 12 3 1 9 6 13 4 10 
15 13 5 6 10 4 14 9 
3 1 13 2 12 7 
4 15 2 1 10 6 
9 7 11 1 6 12 
2 13 12 1 
5 1 6 12 9 
4 15 12 13 
7 2 6 3 10 1 11 
13 9 14 4 6 2 12 11 
6 15 10 5 3 11 12 
10 6 9 8 15 3 
15 3 7 5 4 11 12 9 2 14 
9 11 10 3 12 13 5 7 1 14 
15 1 13 9 2 6 8 
2 15 5 4 1 
4 7 5 1 2 9 12 15 
10 12 9 14 15 
9 8 11 7 2 3 
8 1 13 9 12 5 14 7 4 
14 12 6 5 4 10 9 1 2 13 
13 10 6 15 5 3 9 14 11 
14 9 12 7 2 4 13 5 
12 5 13 4 6 8 7 
9 15 7 1 2 
11 9 14 13 2 10 3 1 
9 5 3 2 4 14 15 8 1 11 
10 2 1 7 9 8 13 14 
1 10 4 14 5 6 7 12 8 
3 5 9 10 1 7 6 4 
8 4 7 9 12 15 
9 4 15 1 2 13 5 3 
2 4 10 3 11 15 1 9 
11 2 6 10 14 1 15 9 8 
5 13 10 4 7 11 8 2 14 
12 4 2 10 
9 13 7 12 10 
14 4 8 15 11 2 7 3 
8 10 9 11 13 2 1 
5 1 2 4 
2 15 4 12 9 10 5 14 6 
13 15 9 11 5 10 12 4 
4 10 9 12 
13 6 1 8 3 14 5 7 
12 4 3 8 
5 1 2 8 11 7 12 6 
14 12 2 13 10 4 
7 9 2 11 
1 10 12 6 8 
3 6 1 7 15 2 12 11 10 8 
10 5 4 3 14 7 12 9 11 
14 4 1 11 5 3 2 13 7 
1 13 5 7 2 
13 1 6 3 9 4 
4 10 12 1 3 14 15 8 9 
8 4 13 10 11 15 5 14 
3 8 10 4 11 
2 7 13 8 
4 6 15 1 11 14 
14 6 15 2 3 1 8 11 4 12 
7 1 14 12 
10 4 14 2 9 12 7 11 6 
10 13 12 7 15 6 14 2 4 8 
1 5 10 12 6 2 
8 10 13 3 5 7 1 14 
11 2 14 7 1 10 5 12 9 8 
12 4 6 2 14 13 3 15 
4 11 7 3 
2 3 10 9 1 13 11 
3 12 14 10 
1 5 3 14 8 2 7 12 10 4 
10 15 4 1 13 14 
1 14 9 8 10 
2 13 5 6 
1 12 7 11 8 9 
14 6 4 1 13 15 
11 1 3 13 15 10 14 8 9 2 
8 3 10 4 13 6 11 9 
10 14 12 15 13 11 7 8 1 2 
4 10 11 6 
8 3 4 6 5 15 9 
1 13 15 9 7 4 3 2 
7 11 12 8 10 14 2 13 9 
12 4 13 7 3 2 1 6 
2 15 13 12 5 3 8 6 7 11 
9 4 11 12 
11 8 2 7 
5 12 3 13 11 15 14 1 
14 11 15 4 
10 8 11 14 2 9 7 15 
2 9 7 8 11 1 12 14 15 
1 12 9 13 6 
15 2 11 8 9 
13 1 15 3 6 
7 10 2 9 11 8 3 13 
9 8 1 10 13 
2 10 4 13 3 14 8 
15 4 1 10 14 2 3 7 13 
1 12 13 15 
15 13 4 14 
15 10 1 12 3 
4 3 5 8 13 11 1 10 12 
14 15 6 3 11 12 8 
7 14 12 4 15 6 1 13 
6 3 9 8 12 10 
2 13 8 7 4 
11 8 14 7 10 1 2 
10 12 4 15 8 3 7 2 5 
12 2 5 15 
13 10 4 9 12 2 5 1 11 
1 10 6 2 4 8 9 7 11 3 
8 6 9 10 7 13 
9 12 6 14 15 3 1 
5 2 15 13 14 3 8 12 9 
10 8 12 6 14 
12 13 9 8 5 6 15 
4 8 6 5 2 15 9 11 
2 5 14 10 3 1 11 12 
11 15 5 9 10 12 8 4 2 
2 10 12 9 
10 14 5 7 12 2 3 13 
15 8 6 3 5 10 7 12 
7 14 1 3 13 2 5 
2 15 7 4 9 3 1 6 
12 6 3 14 5 2 
1 6 11 12 13 4 8 14 
8 15 13 1 7 11 4 
4 9 13 3 7 
4 14 1 12 13 10 5 
2 6 4 10 15 8 
7 14 3 4 6 1 15 11 2 12 
2 13 15 7 11 4 9 8 14 
10 13 7 8 
1 8 7 9 13 2 
14 1 7 3 12 8 
3 11 2 13 5 4 12 9 6 
1 7 4 8 12 6 10 2 13 3 
4 8 12 3 13 7 6 11 10 
9 15 13 3 6 4 
4 1 9 12 5 10 13 
1 9 13 2 6 11 8 
7 14 3 10 2 6 13 
7 12 8 5 9 10 2 3 13 
1 2 7 3 6 
5 2 1 11 9 8 14 4 12 
7 11 9 15 10 
6 11 7 10 8 14 3 12 2 
1 12 11 14 4 7 5 
11 7 13 1 3 6 10 8 14 2 
1 11 2 9 15 4 3 12 6 13 
12 5 13 14 15 
5 13 8 9 3 
12 7 6 10 4 15 2 5 
11 12 14 6 13 5 4 7 
4 8 1 2 
10 11 5 4 7 1 
6 13 12 10 3 7 8 5 
2 4 14 11 10 5 6 8 9 3 
15 5 8 11 10 13 
13 4 5 8 15 12 
7 10 1 15 8 4 13 6 5 
10 3 5 15 7 2 
15 6 13 3 9 1 14 5 2 4 
15 7 14 3 13 6 10 11 
3 7 5 8 13 9 2 6 
5 8 3 13 1 10 9 14 7 
15 2 6 3 13 14 
3 15 8 9 2 10 12 
11 7 5 10 8 2 13 12 14 6 
4 1 6 11 7 12 5 13 10 
8 5 3 7 11 10 1 6 
5 6 13 2 11 3 
9 7 4 1 
9 11 3 2 4 1 14 
6 15 4 14 8 12 3 
1 7 10 6 8 5 4 9 11 15 
15 12 13 2 4 
10 14 3 2 
6 3 12 10 7 8 9 4 2 
12 9 14 5 1 11 10 
1 15 14 12 10 2 7 5 11 8 
11 13 12 7 10 8 4 
6 2 1 8 12 14 11 7 
5 14 15 9 4 
12 6 13 10 14 
10 1 6 2 
9 10 7 2 1 13 8 
13 7 2 6 10 4 14 15 
11 3 9 1 12 15 8 4 2 13 
3 4 6 5 
3 13 11 2 9 15 5 1 
11 9 7 1 6 5 2 12 14 
6 5 4 3 11 9 2 
8 1 10 5 13 15 11 4 12 6 
11 8 9 5 15 14 
10 14 3 11 6 13 7 15 12 9 
7 14 5 4 
12 3 4 8 2 5 14 
14 9 13 1 8 3 5 11 4 10 
5 14 10 13 
14 5 8 7 6 2 11 10 
15 2 5 1 4 11 12 13 
2 3 13 1 11 7 8 4 15 
4 10 7 1 9 15 13 12 14 5 
9 4 1 7 
3 6 8 9 5 11 10 14 
14 4 12 7 10 13 9 
14 6 10 5 3 1 8 9 2 15 
14 1 11 4 13 5 8 12 
14 1 6 4 5 13 
8 15 4 9 12 11 5 2 6 
6 9 15 11 4 5 
5 1 10 11 2 12 14 4 
9 2 7 12 14 
2 4 3 13 11 5 10 9 
2 3 13 1 12 9 11 5 15 8 
12 9 8 6 3 4 11 10 13 15 
1 10 3 5 12 2 7 
8 7 1 15 2 3 4 10 6 12 
6 3 1 13 15 10 7 4 12 
3 12 8 6 11 
***P*** 
-1.0 -1.0 -1.0 21.0 -1.0 -1.0 12.0 -1.0 49.0 -1.0 -1.0 -1.0 28.0 -1.0 -1.0 
11.0 -1.0 39.0 -1.0 24.0 44.0 15.0 -1.0 -1.0 -1.0 -1.0 -1.0 -1.0 -1.0 31.0 
-1.0 -1.0 -1.0 24.0 -1.0 12.0 -1.0 49.0 27.0 -1.0 13.0 17.0 14.0 23.0 48.0 
-1.0 -1.0 -1.0 -1.0 -1.0 28.0 -1.0 45.0 11.0 -1.0 43.0 -1.0 -1.0 -1.0 -1.0 
47.0 -1.0 26.0 23.0 37.0 -1.0 16.0 28.0 -1.0 -1.0 45.0 30.0 14.0 -1.0 29.0 
28.0 -1.0 19.0 -1.0 -1.0 -1.0 -1.0 -1.0 43.0 19.0 36.0 -1.0 -1.0 27.0 -1.0 
-1.0 -1.0 -1.0 26.0 -1.0 -1.0 -1.0 -1.0 -1.0 38.0 42.0 21.0 21.0 -1.0 30.0 
-1.0 -1.0 36.0 38.0 -1.0 30.0 -1.0 -1.0 28.0 -1.0 -1.0 19.0 -1.0 -1.0 -1.0 
-1.0 27.0 34.0 -1.0 48.0 14.0 48.0 37.0 -1.0 16.0 31.0 30.0 -1.0 -1.0 37.0 
-1.0 -1.0 38.0 16.0 -1.0 -1.0 -1.0 39.0 33.0 -1.0 27.0 -1.0 32.0 26.0 -1.0 
-1.0 -1.0 -1.0 49.0 -1.0 -1.0 17.0 -1.0 43.0 35.0 23.0 16.0 -1.0 40.0 42.0 
-1.0 37.0 -1.0 -1.0 -1.0 -1.0 -1.0 10.0 41.0 -1.0 -1.0 47.0 -1.0 -1.0 -1.0 
-1.0 44.0 -1.0 -1.0 13.0 -1.0 -1.0 -1.0 11.0 -1.0 -1.0 36.0 -1.0 42.0 -1.0 
-1.0 12.0 -1.0 -1.0 13.0 -1.0 14.0 -1.0 -1.0 27.0 -1.0 19.0 -1.0 -1.0 46.0 
30.0 39.0 48.0 -1.0 46.0 -1.0 -1.0 33.0 -1.0 -1.0 -1.0 -1.0 -1.0 -1.0 44.0 
17.0 -1.0 -1.0 -1.0 49.0 17.0 -1.0 42.0 48.0 -1.0 46.0 -1.0 -1.0 49.0 17.0 
14.0 -1.0 -1.0 -1.0 17.0 -1.0 -1.0 18.0 -1.0 -1.0 -1.0 -1.0 25.0 46.0 24.0 
-1.0 22.0 17.0 40.0 48.0 28.0 39.0 -1.0 -1.0 -1.0 -1.0 42.0 -1.0 -1.0 -1.0 
-1.0 -1.0 23.0 14.0 23.0 37.0 -1.0 25.0 -1.0 37.0 -1.0 13.0 -1.0 -1.0 49.0 
-1.0 33.0 29.0 14.0 -1.0 -1.0 50.0 35.0 -1.0 41.0 45.0 10.0 32.0 -1.0 -1.0 
43.0 -1.0 -1.0 30.0 -1.0 35.0 39.0 -1.0 -1.0 -1.0 14.0 -1.0 -1.0 21.0 40.0 
-1.0 49.0 24.0 -1.0 20.0 17.0 -1.0 -1.0 -1.0 -1.0 10.0 43.0 -1.0 -1.0 -1.0 
35.0 -1.0 -1.0 12.0 -1.0 -1.0 37.0 -1.0 15.0 19.0 12.0 -1.0 -1.0 45.0 47.0 
-1.0 -1.0 -1.0 -1.0 -1.0 -1.0 42.0 -1.0 -1.0 -1.0 41.0 50.0 29.0 -1.0 -1.0 
-1.0 -1.0 33.0 -1.0 -1.0 -1.0 -1.0 -1.0 50.0 -1.0 42.0 -1.0 -1.0 48.0 -1.0 
13.0 26.0 50.0 16.0 47.0 20.0 -1.0 47.0 -1.0 46.0 22.0 20.0 -1.0 -1.0 -1.0 
-1.0 19.0 -1.0 -1.0 45.0 -1.0 17.0 -1.0 -1.0 36.0 -1.0 44.0 37.0 41.0 -1.0 
49.0 -1.0 -1.0 -1.0 -1.0 28.0 -1.0 -1.0 34.0 -1.0 -1.0 -1.0 42.0 -1.0 38.0 
-1.0 26.0 33.0 42.0 -1.0 12.0 -1.0 38.0 -1.0 20.0 -1.0 -1.0 22.0 -1.0 -1.0 
40.0 12.0 49.0 -1.0 49.0 -1.0 18.0 17.0 -1.0 50.0 -1.0 -1.0 39.0 46.0 -1.0 
23.0 -1.0 -1.0 -1.0 35.0 10.0 -1.0 44.0 41.0 15.0 18.0 29.0 -1.0 21.0 33.0 
16.0 -1.0 30.0 29.0 28.0 43.0 -1.0 -1.0 48.0 -1.0 -1.0 41.0 33.0 25.0 -1.0 
20.0 -1.0 -1.0 -1.0 -1.0 -1.0 37.0 -1.0 22.0 -1.0 -1.0 12.0 -1.0 29.0 41.0 
28.0 -1.0 -1.0 32.0 -1.0 37.0 -1.0 -1.0 -1.0 -1.0 -1.0 -1.0 -1.0 -1.0 48.0 
-1.0 -1.0 -1.0 -1.0 44.0 -1.0 29.0 24.0 -1.0 -1.0 -1.0 -1.0 -1.0 44.0 -1.0 
39.0 43.0 21.0 -1.0 -1.0 -1.0 12.0 50.0 -1.0 37.0 -1.0 -1.0 -1.0 -1.0 21.0 
-1.0 21.0 -1.0 39.0 10.0 -1.0 11.0 13.0 39.0 30.0 -1.0 -1.0 -1.0 41.0 31.0 
-1.0 -1.0 -1.0 22.0 36.0 -1.0 -1.0 -1.0 -1.0 37.0 -1.0 24.0 -1.0 -1.0 -1.0 
10.0 11.0 -1.0 -1.0 -1.0 -1.0 -1.0 -1.0 42.0 -1.0 -1.0 -1.0 -1.0 49.0 -1.0 
-1.0 46.0 41.0 26.0 13.0 13.0 33.0 -1.0 12.0 25.0 -1.0 -1.0 34.0 -1.0 -1.0 
-1.0 -1.0 -1.0 29.0 -1.0 -1.0 18.0 -1.0 48.0 -1.0 -1.0 -1.0 33.0 16.0 -1.0 
37.0 -1.0 -1.0 49.0 29.0 -1.0 -1.0 43.0 -1.0 -1.0 -1.0 46.0 35.0 29.0 -1.0 
26.0 -1.0 15.0 -1.0 -1.0 34.0 44.0 35.0 18.0 19.0 -1.0 -1.0 -1.0 48.0 -1.0 
-1.0 35.0 24.0 38.0 -1.0 23.0 33.0 50.0 25.0 39.0 -1.0 23.0 -1.0 -1.0 33.0 
-1.0 -1.0 -1.0 39.0 49.0 -1.0 46.0 -1.0 -1.0 -1.0 -1.0 26.0 -1.0 -1.0 21.0 
-1.0 -1.0 -1.0 -1.0 21.0 -1.0 -1.0 27.0 32.0 -1.0 -1.0 -1.0 36.0 -1.0 29.0 
-1.0 20.0 25.0 11.0 25.0 42.0 -1.0 -1.0 40.0 -1.0 -1.0 -1.0 36.0 23.0 43.0 
-1.0 -1.0 -1.0 -1.0 -1.0 10.0 -1.0 26.0 23.0 16.0 -1.0 36.0 -1.0 19.0 -1.0 
26.0 -1.0 28.0 44.0 -1.0 17.0 -1.0 -1.0 34.0 17.0 -1.0 15.0 10.0 -1.0 37.0 
-1.0 -1.0 -1.0 23.0 35.0 35.0 -1.0 -1.0 13.0 16.0 -1.0 -1.0 19.0 17.0 41.0 
36.0 20.0 39.0 -1.0 -1.0 -1.0 25.0 -1.0 -1.0 -1.0 -1.0 48.0 42.0 -1.0 -1.0 
38.0 39.0 -1.0 30.0 -1.0 25.0 -1.0 -1.0 -1.0 38.0 -1.0 -1.0 -1.0 -1.0 43.0 
22.0 -1.0 -1.0 -1.0 -1.0 12.0 38.0 -1.0 47.0 -1.0 17.0 49.0 -1.0 -1.0 -1.0 
18.0 24.0 -1.0 -1.0 -1.0 -1.0 -1.0 -1.0 -1.0 -1.0 -1.0 20.0 38.0 -1.0 -1.0 
35.0 -1.0 -1.0 -1.0 18.0 48.0 -1.0 -1.0 37.0 -1.0 -1.0 27.0 -1.0 -1.0 -1.0 
-1.0 -1.0 -1.0 33.0 -1.0 -1.0 -1.0 -1.0 -1.0 -1.0 -1.0 37.0 28.0 -1.0 16.0 
24.0 44.0 50.0 -1.0 -1.0 40.0 26.0 -1.0 -1.0 39.0 48.0 -1.0 -1.0 -1.0 -1.0 
-1.0 35.0 -1.0 41.0 -1.0 30.0 -1.0 -1.0 44.0 -1.0 18.0 39.0 33.0 49.0 -1.0 
-1.0 -1.0 47.0 -1.0 26.0 40.0 -1.0 -1.0 -1.0 34.0 44.0 22.0 -1.0 -1.0 43.0 
-1.0 -1.0 21.0 -1.0 -1.0 43.0 -1.0 40.0 23.0 50.0 -1.0 -1.0 -1.0 -1.0 28.0 
-1.0 28.0 15.0 34.0 22.0 -1.0 35.0 -1.0 43.0 -1.0 39.0 29.0 -1.0 14.0 25.0 
22.0 -1.0 27.0 -1.0 47.0 -1.0 16.0 -1.0 16.0 10.0 18.0 42.0 15.0 28.0 -1.0 
12.0 18.0 -1.0 -1.0 -1.0 12.0 -1.0 19.0 27.0 -1.0 -1.0 -1.0 17.0 -1.0 47.0 
48.0 46.0 -1.0 42.0 22.0 -1.0 -1.0 -1.0 -1.0 -1.0 -1.0 -1.0 -1.0 -1.0 36.0 
26.0 25.0 -1.0 13.0 50.0 -1.0 40.0 -1.0 11.0 -1.0 -1.0 26.0 -1.0 -1.0 22.0 
-1.0 -1.0 -1.0 -1.0 -1.0 -1.0 -1.0 -1.0 48.0 10.0 -1.0 39.0 -1.0 29.0 30.0 
-1.0 10.0 32.0 -1.0 -1.0 -1.0 13.0 27.0 35.0 -1.0 13.0 -1.0 -1.0 -1.0 -1.0 
10.0 -1.0 -1.0 45.0 35.0 -1.0 26.0 44.0 17.0 -1.0 -1.0 30.0 24.0 42.0 -1.0 
38.0 14.0 -1.0 48.0 28.0 23.0 -1.0 -1.0 12.0 17.0 -1.0 34.0 38.0 28.0 -1.0 
-1.0 -1.0 21.0 -1.0 17.0 26.0 -1.0 -1.0 35.0 45.0 12.0 -1.0 35.0 43.0 46.0 
-1.0 28.0 -1.0 24.0 49.0 -1.0 44.0 -1.0 50.0 -1.0 -1.0 43.0 23.0 33.0 -1.0 
-1.0 -1.0 -1.0 30.0 41.0 16.0 15.0 49.0 -1.0 -1.0 -1.0 31.0 13.0 -1.0 -1.0 
11.0 21.0 -1.0 -1.0 -1.0 -1.0 35.0 -1.0 49.0 -1.0 -1.0 -1.0 -1.0 -1.0 23.0 
30.0 27.0 31.0 -1.0 -1.0 -1.0 -1.0 -1.0 31.0 21.0 23.0 -1.0 29.0 20.0 -1.0 
37.0 43.0 30.0 23.0 32.0 -1.0 -1.0 16.0 48.0 -1.0 47.0 -1.0 -1.0 36.0 26.0 
11.0 11.0 -1.0 -1.0 -1.0 -1.0 27.0 22.0 48.0 34.0 -1.0 -1.0 46.0 15.0 -1.0 
45.0 -1.0 -1.0 23.0 45.0 14.0 19.0 28.0 -1.0 32.0 -1.0 49.0 -1.0 40.0 -1.0 
19.0 -1.0 15.0 34.0 47.0 28.0 10.0 -1.0 38.0 24.0 -1.0 -1.0 -1.0 -1.0 -1.0 
-1.0 -1.0 -1.0 22.0 -1.0 -1.0 33.0 26.0 34.0 -1.0 -1.0 38.0 -1.0 -1.0 32.0 
42.0 18.0 38.0 22.0 24.0 -1.0 -1.0 -1.0 12.0 -1.0 -1.0 -1.0 13.0 -1.0 17.0 
34.0 44.0 47.0 42.0 -1.0 -1.0 -1.0 -1.0 42.0 30.0 30.0 -1.0 -1.0 -1.0 50.0 
15.0 37.0 -1.0 -1.0 -1.0 38.0 -1.0 43.0 29.0 32.0 26.0 -1.0 -1.0 35.0 11.0 
-1.0 31.0 -1.0 43.0 48.0 -1.0 22.0 15.0 -1.0 31.0 39.0 -1.0 32.0 41.0 -1.0 
-1.0 15.0 -1.0 11.0 -1.0 -1.0 -1.0 -1.0 -1.0 41.0 -1.0 30.0 -1.0 -1.0 -1.0 
-1.0 -1.0 -1.0 -1.0 -1.0 -1.0 35.0 -1.0 37.0 32.0 -1.0 36.0 10.0 -1.0 -1.0 
-1.0 42.0 28.0 50.0 -1.0 -1.0 40.0 38.0 -1.0 -1.0 34.0 -1.0 -1.0 27.0 10.0 
13.0 25.0 -1.0 -1.0 -1.0 -1.0 -1.0 49.0 47.0 28.0 37.0 -1.0 22.0 -1.0 -1.0 
34.0 17.0 -1.0 21.0 44.0 -1.0 -1.0 -1.0 -1.0 -1.0 -1.0 -1.0 -1.0 -1.0 -1.0 
-1.0 38.0 -1.0 25.0 29.0 37.0 -1.0 -1.0 32.0 23.0 -1.0 31.0 -1.0 45.0 10.0 
-1.0 -1.0 -1.0 21.0 45.0 -1.0 -1.0 -1.0 17.0 34.0 11.0 45.0 47.0 -1.0 42.0 
-1.0 -1.0 -1.0 46.0 -1.0 -1.0 -1.0 -1.0 44.0 26.0 -1.0 20.0 -1.0 -1.0 -1.0 
23.0 -1.0 36.0 -1.0 43.0 34.0 13.0 24.0 -1.0 -1.0 -1.0 -1.0 32.0 38.0 -1.0 
-1.0 -1.0 34.0 18.0 -1.0 -1.0 -1.0 34.0 -1.0 -1.0 -1.0 35.0 -1.0 -1.0 -1.0 
26.0 50.0 -1.0 -1.0 16.0 19.0 23.0 39.0 -1.0 -1.0 46.0 15.0 -1.0 -1.0 -1.0 
-1.0 44.0 -1.0 16.0 -1.0 -1.0 -1.0 -1.0 -1.0 34.0 -1.0 34.0 38.0 23.0 -1.0 
-1.0 25.0 -1.0 -1.0 -1.0 -1.0 29.0 -1.0 26.0 -1.0 42.0 -1.0 -1.0 -1.0 -1.0 
30.0 -1.0 -1.0 -1.0 -1.0 28.0 -1.0 35.0 -1.0 36.0 -1.0 26.0 -1.0 -1.0 -1.0 
49.0 13.0 40.0 -1.0 -1.0 46.0 50.0 35.0 -1.0 48.0 38.0 42.0 -1.0 -1.0 28.0 
-1.0 -1.0 41.0 16.0 19.0 -1.0 26.0 -1.0 29.0 48.0 32.0 50.0 -1.0 45.0 -1.0 
46.0 23.0 47.0 39.0 35.0 -1.0 50.0 -1.0 -1.0 -1.0 35.0 -1.0 24.0 18.0 -1.0 
21.0 28.0 -1.0 -1.0 16.0 -1.0 43.0 -1.0 -1.0 -1.0 -1.0 -1.0 40.0 -1.0 -1.0 
45.0 -1.0 33.0 23.0 -1.0 17.0 -1.0 -1.0 26.0 -1.0 -1.0 -1.0 47.0 -1.0 -1.0 
36.0 -1.0 31.0 17.0 -1.0 -1.0 -1.0 22.0 14.0 13.0 -1.0 40.0 -1.0 31.0 34.0 
-1.0 -1.0 -1.0 43.0 19.0 -1.0 -1.0 13.0 -1.0 24.0 14.0 -1.0 20.0 31.0 12.0 
-1.0 -1.0 44.0 24.0 -1.0 -1.0 -1.0 13.0 -1.0 48.0 42.0 -1.0 -1.0 -1.0 -1.0 
-1.0 12.0 -1.0 -1.0 -1.0 -1.0 44.0 12.0 -1.0 -1.0 -1.0 -1.0 14.0 -1.0 -1.0 
45.0 -1.0 -1.0 32.0 -1.0 18.0 -1.0 -1.0 -1.0 -1.0 15.0 -1.0 -1.0 39.0 25.0 
33.0 28.0 37.0 22.0 -1.0 44.0 -1.0 21.0 -1.0 -1.0 30.0 31.0 -1.0 28.0 31.0 
14.0 -1.0 -1.0 -1.0 -1.0 -1.0 28.0 -1.0 -1.0 -1.0 -1.0 47.0 -1.0 47.0 -1.0 
-1.0 31.0 -1.0 41.0 -1.0 48.0 18.0 -1.0 10.0 45.0 17.0 44.0 -1.0 27.0 -1.0 
-1.0 25.0 -1.0 36.0 -1.0 39.0 32.0 49.0 -1.0 43.0 -1.0 28.0 27.0 39.0 35.0 
39.0 21.0 -1.0 -1.0 36.0 45.0 -1.0 -1.0 -1.0 35.0 -1.0 27.0 -1.0 -1.0 -1.0 
21.0 -1.0 10.0 -1.0 35.0 -1.0 33.0 11.0 -1.0 11.0 -1.0 -1.0 13.0 47.0 -1.0 
29.0 11.0 -1.0 -1.0 20.0 -1.0 20.0 33.0 46.0 32.0 43.0 40.0 -1.0 30.0 -1.0 
-1.0 11.0 27.0 12.0 -1.0 33.0 -1.0 -1.0 -1.0 -1.0 -1.0 11.0 40.0 46.0 45.0 
-1.0 -1.0 38.0 35.0 -1.0 -1.0 25.0 -1.0 -1.0 -1.0 23.0 -1.0 -1.0 -1.0 -1.0 
25.0 16.0 28.0 -1.0 -1.0 -1.0 -1.0 -1.0 36.0 13.0 41.0 -1.0 47.0 -1.0 -1.0 
-1.0 -1.0 42.0 -1.0 -1.0 -1.0 -1.0 -1.0 -1.0 43.0 -1.0 14.0 -1.0 46.0 -1.0 
32.0 20.0 46.0 43.0 12.0 -1.0 23.0 29.0 -1.0 27.0 -1.0 36.0 -1.0 47.0 -1.0 
23.0 -1.0 -1.0 27.0 -1.0 -1.0 -1.0 -1.0 -1.0 44.0 -1.0 -1.0 17.0 41.0 19.0 
19.0 -1.0 -1.0 -1.0 -1.0 -1.0 -1.0 24.0 42.0 23.0 -1.0 -1.0 -1.0 35.0 -1.0 
-1.0 23.0 -1.0 -1.0 47.0 46.0 -1.0 -1.0 -1.0 -1.0 -1.0 -1.0 48.0 -1.0 -1.0 
24.0 -1.0 -1.0 -1.0 -1.0 -1.0 21.0 44.0 44.0 -1.0 30.0 42.0 -1.0 -1.0 -1.0 
29.0 -1.0 -1.0 44.0 -1.0 47.0 -1.0 -1.0 -1.0 -1.0 -1.0 -1.0 44.0 13.0 29.0 
18.0 41.0 25.0 -1.0 -1.0 -1.0 -1.0 20.0 14.0 18.0 10.0 -1.0 26.0 49.0 39.0 
-1.0 -1.0 40.0 38.0 -1.0 16.0 -1.0 24.0 44.0 40.0 50.0 -1.0 20.0 -1.0 -1.0 
20.0 47.0 -1.0 -1.0 -1.0 -1.0 27.0 37.0 -1.0 31.0 40.0 20.0 32.0 45.0 43.0 
-1.0 -1.0 -1.0 29.0 -1.0 17.0 -1.0 -1.0 -1.0 16.0 11.0 -1.0 -1.0 -1.0 -1.0 
-1.0 -1.0 45.0 34.0 40.0 48.0 -1.0 24.0 20.0 -1.0 -1.0 -1.0 -1.0 -1.0 15.0 
27.0 45.0 49.0 13.0 -1.0 -1.0 26.0 -1.0 40.0 -1.0 -1.0 -1.0 44.0 -1.0 24.0 
-1.0 11.0 -1.0 -1.0 -1.0 -1.0 19.0 15.0 16.0 19.0 35.0 45.0 37.0 36.0 -1.0 
12.0 29.0 17.0 12.0 -1.0 44.0 13.0 -1.0 -1.0 -1.0 -1.0 41.0 23.0 -1.0 -1.0 
-1.0 23.0 26.0 -1.0 31.0 43.0 47.0 29.0 -1.0 -1.0 21.0 49.0 24.0 -1.0 29.0 
-1.0 -1.0 -1.0 29.0 -1.0 -1.0 -1.0 -1.0 13.0 -1.0 28.0 40.0 -1.0 -1.0 -1.0 
-1.0 22.0 -1.0 -1.0 -1.0 -1.0 15.0 15.0 -1.0 -1.0 36.0 -1.0 -1.0 -1.0 -1.0 
50.0 -1.0 25.0 -1.0 22.0 -1.0 -1.0 -1.0 -1.0 -1.0 46.0 37.0 14.0 36.0 36.0 
-1.0 -1.0 -1.0 13.0 -1.0 -1.0 -1.0 -1.0 -1.0 -1.0 17.0 -1.0 -1.0 17.0 25.0 
-1.0 34.0 -1.0 -1.0 -1.0 -1.0 17.0 22.0 21.0 11.0 33.0 -1.0 -1.0 10.0 42.0 
21.0 19.0 -1.0 -1.0 -1.0 -1.0 11.0 37.0 12.0 -1.0 24.0 21.0 -1.0 18.0 14.0 
33.0 -1.0 -1.0 -1.0 -1.0 41.0 -1.0 -1.0 25.0 -1.0 -1.0 42.0 17.0 -1.0 -1.0 
-1.0 20.0 -1.0 -1.0 -1.0 -1.0 -1.0 11.0 37.0 -1.0 20.0 -1.0 -1.0 -1.0 13.0 
14.0 -1.0 48.0 -1.0 -1.0 45.0 -1.0 -1.0 -1.0 -1.0 -1.0 -1.0 34.0 -1.0 16.0 
-1.0 49.0 17.0 -1.0 -1.0 -1.0 15.0 32.0 29.0 40.0 48.0 -1.0 39.0 -1.0 -1.0 
42.0 -1.0 -1.0 -1.0 -1.0 -1.0 -1.0 12.0 31.0 25.0 -1.0 -1.0 44.0 -1.0 -1.0 
-1.0 19.0 49.0 37.0 -1.0 -1.0 -1.0 31.0 -1.0 12.0 -1.0 -1.0 35.0 25.0 -1.0 
38.0 10.0 32.0 26.0 -1.0 -1.0 21.0 -1.0 -1.0 41.0 -1.0 -1.0 46.0 26.0 11.0 
36.0 -1.0 -1.0 -1.0 -1.0 -1.0 -1.0 -1.0 -1.0 -1.0 -1.0 40.0 26.0 -1.0 39.0 
-1.0 -1.0 -1.0 33.0 -1.0 -1.0 -1.0 -1.0 -1.0 -1.0 -1.0 -1.0 47.0 30.0 49.0 
37.0 -1.0 10.0 -1.0 -1.0 -1.0 -1.0 -1.0 -1.0 50.0 -1.0 28.0 -1.0 -1.0 19.0 
50.0 -1.0 32.0 41.0 28.0 -1.0 -1.0 16.0 -1.0 39.0 17.0 40.0 38.0 -1.0 -1.0 
-1.0 -1.0 25.0 -1.0 -1.0 45.0 -1.0 17.0 -1.0 -1.0 10.0 25.0 -1.0 43.0 24.0 
10.0 -1.0 -1.0 34.0 -1.0 16.0 37.0 -1.0 -1.0 -1.0 -1.0 46.0 35.0 17.0 36.0 
-1.0 -1.0 21.0 -1.0 -1.0 13.0 -1.0 48.0 14.0 38.0 -1.0 45.0 -1.0 -1.0 -1.0 
-1.0 13.0 -1.0 28.0 -1.0 -1.0 39.0 35.0 -1.0 -1.0 -1.0 -1.0 45.0 -1.0 -1.0 
12.0 34.0 -1.0 -1.0 -1.0 -1.0 50.0 25.0 -1.0 41.0 48.0 -1.0 -1.0 44.0 -1.0 
-1.0 37.0 12.0 47.0 19.0 -1.0 19.0 37.0 -1.0 40.0 -1.0 24.0 -1.0 -1.0 48.0 
-1.0 20.0 -1.0 -1.0 10.0 -1.0 -1.0 -1.0 -1.0 -1.0 -1.0 37.0 -1.0 -1.0 13.0 
38.0 19.0 -1.0 44.0 37.0 -1.0 -1.0 -1.0 16.0 20.0 46.0 45.0 14.0 -1.0 -1.0 
41.0 46.0 13.0 43.0 -1.0 38.0 38.0 32.0 46.0 41.0 41.0 -1.0 -1.0 -1.0 -1.0 
-1.0 -1.0 -1.0 -1.0 -1.0 11.0 24.0 33.0 45.0 22.0 -1.0 -1.0 15.0 -1.0 -1.0 
34.0 -1.0 10.0 -1.0 -1.0 29.0 -1.0 -1.0 38.0 -1.0 -1.0 50.0 -1.0 46.0 39.0 
-1.0 36.0 34.0 -1.0 45.0 -1.0 -1.0 50.0 34.0 -1.0 -1.0 14.0 14.0 20.0 13.0 
-1.0 -1.0 -1.0 -1.0 -1.0 39.0 -1.0 14.0 -1.0 42.0 -1.0 44.0 -1.0 46.0 -1.0 
-1.0 -1.0 -1.0 -1.0 34.0 48.0 -1.0 15.0 29.0 -1.0 -1.0 10.0 18.0 -1.0 47.0 
-1.0 48.0 -1.0 33.0 18.0 22.0 -1.0 30.0 11.0 -1.0 36.0 -1.0 -1.0 -1.0 12.0 
32.0 40.0 25.0 -1.0 12.0 -1.0 -1.0 -1.0 -1.0 20.0 14.0 50.0 -1.0 26.0 -1.0 
-1.0 35.0 -1.0 48.0 21.0 -1.0 -1.0 19.0 13.0 32.0 15.0 45.0 -1.0 -1.0 36.0 
-1.0 24.0 -1.0 -1.0 -1.0 -1.0 -1.0 -1.0 35.0 48.0 -1.0 14.0 -1.0 -1.0 -1.0 
-1.0 39.0 24.0 -1.0 17.0 -1.0 43.0 -1.0 -1.0 46.0 -1.0 48.0 44.0 21.0 -1.0 
-1.0 -1.0 28.0 -1.0 50.0 50.0 29.0 32.0 -1.0 46.0 -1.0 42.0 -1.0 -1.0 50.0 
44.0 25.0 47.0 -1.0 22.0 -1.0 16.0 -1.0 -1.0 -1.0 -1.0 -1.0 15.0 26.0 -1.0 
39.0 41.0 10.0 29.0 -1.0 48.0 43.0 -1.0 18.0 -1.0 -1.0 -1.0 -1.0 -1.0 18.0 
-1.0 11.0 38.0 -1.0 39.0 38.0 -1.0 -1.0 -1.0 -1.0 -1.0 15.0 -1.0 47.0 -1.0 
47.0 -1.0 -1.0 47.0 -1.0 44.0 -1.0 48.0 -1.0 -1.0 39.0 48.0 28.0 41.0 -1.0 
31.0 -1.0 -1.0 32.0 -1.0 -1.0 35.0 37.0 -1.0 -1.0 13.0 -1.0 34.0 -1.0 24.0 
-1.0 -1.0 31.0 12.0 -1.0 -1.0 25.0 -1.0 15.0 -1.0 -1.0 -1.0 42.0 -1.0 -1.0 
18.0 -1.0 -1.0 37.0 22.0 -1.0 -1.0 -1.0 -1.0 23.0 -1.0 12.0 45.0 29.0 -1.0 
-1.0 21.0 -1.0 26.0 -1.0 18.0 -1.0 45.0 -1.0 18.0 -1.0 -1.0 -1.0 -1.0 30.0 
49.0 11.0 42.0 46.0 -1.0 47.0 34.0 -1.0 -1.0 -1.0 44.0 44.0 -1.0 49.0 17.0 
-1.0 21.0 -1.0 31.0 -1.0 -1.0 21.0 34.0 41.0 -1.0 46.0 -1.0 10.0 10.0 17.0 
-1.0 -1.0 -1.0 -1.0 -1.0 -1.0 10.0 33.0 -1.0 47.0 -1.0 -1.0 35.0 -1.0 -1.0 
13.0 23.0 -1.0 -1.0 -1.0 -1.0 41.0 37.0 44.0 -1.0 -1.0 -1.0 32.0 -1.0 -1.0 
32.0 -1.0 39.0 -1.0 -1.0 -1.0 24.0 21.0 -1.0 -1.0 -1.0 38.0 -1.0 19.0 -1.0 
-1.0 41.0 27.0 45.0 21.0 45.0 -1.0 -1.0 34.0 -1.0 38.0 14.0 46.0 -1.0 -1.0 
17.0 21.0 39.0 25.0 -1.0 33.0 19.0 30.0 -1.0 32.0 -1.0 48.0 14.0 -1.0 -1.0 
-1.0 -1.0 11.0 20.0 -1.0 49.0 18.0 33.0 -1.0 17.0 22.0 19.0 40.0 -1.0 -1.0 
-1.0 -1.0 28.0 27.0 -1.0 19.0 -1.0 -1.0 47.0 -1.0 -1.0 -1.0 18.0 -1.0 25.0 
35.0 -1.0 -1.0 36.0 25.0 -1.0 -1.0 -1.0 13.0 18.0 -1.0 30.0 41.0 -1.0 -1.0 
34.0 24.0 -1.0 -1.0 -1.0 42.0 -1.0 38.0 25.0 -1.0 31.0 -1.0 38.0 -1.0 -1.0 
-1.0 43.0 20.0 -1.0 -1.0 11.0 27.0 -1.0 -1.0 16.0 -1.0 -1.0 28.0 16.0 -1.0 
-1.0 29.0 29.0 -1.0 38.0 -1.0 14.0 13.0 43.0 10.0 -1.0 46.0 37.0 -1.0 -1.0 
34.0 35.0 48.0 -1.0 -1.0 45.0 10.0 -1.0 -1.0 -1.0 -1.0 -1.0 -1.0 -1.0 -1.0 
29.0 39.0 -1.0 14.0 13.0 -1.0 -1.0 43.0 49.0 -1.0 35.0 26.0 -1.0 19.0 -1.0 
-1.0 -1.0 -1.0 -1.0 -1.0 -1.0 46.0 -1.0 39.0 20.0 12.0 -1.0 -1.0 -1.0 27.0 
-1.0 24.0 18.0 -1.0 -1.0 16.0 44.0 27.0 -1.0 44.0 41.0 33.0 -1.0 29.0 -1.0 
39.0 -1.0 -1.0 31.0 25.0 -1.0 33.0 -1.0 -1.0 -1.0 26.0 10.0 -1.0 36.0 -1.0 
29.0 14.0 28.0 -1.0 -1.0 18.0 18.0 13.0 -1.0 39.0 37.0 -1.0 43.0 12.0 -1.0 
45.0 41.0 11.0 44.0 -1.0 18.0 -1.0 -1.0 44.0 -1.0 42.0 13.0 41.0 -1.0 25.0 
-1.0 -1.0 -1.0 -1.0 29.0 -1.0 -1.0 -1.0 -1.0 -1.0 -1.0 21.0 34.0 24.0 39.0 
-1.0 -1.0 13.0 -1.0 37.0 -1.0 -1.0 14.0 16.0 -1.0 -1.0 -1.0 33.0 -1.0 -1.0 
-1.0 35.0 -1.0 30.0 35.0 15.0 38.0 -1.0 -1.0 49.0 -1.0 39.0 -1.0 -1.0 15.0 
-1.0 -1.0 -1.0 41.0 12.0 43.0 11.0 -1.0 -1.0 -1.0 23.0 39.0 48.0 47.0 -1.0 
42.0 14.0 -1.0 17.0 -1.0 -1.0 -1.0 37.0 -1.0 -1.0 -1.0 -1.0 -1.0 -1.0 -1.0 
20.0 -1.0 -1.0 17.0 43.0 -1.0 27.0 -1.0 -1.0 28.0 13.0 -1.0 -1.0 -1.0 -1.0 
-1.0 -1.0 13.0 -1.0 25.0 15.0 28.0 46.0 -1.0 12.0 -1.0 22.0 50.0 -1.0 -1.0 
-1.0 46.0 25.0 45.0 37.0 40.0 -1.0 10.0 22.0 28.0 30.0 -1.0 -1.0 37.0 -1.0 
-1.0 -1.0 -1.0 -1.0 31.0 -1.0 -1.0 29.0 -1.0 10.0 35.0 -1.0 49.0 -1.0 31.0 
-1.0 -1.0 -1.0 27.0 13.0 -1.0 -1.0 32.0 -1.0 -1.0 -1.0 27.0 47.0 -1.0 19.0 
45.0 -1.0 -1.0 17.0 19.0 37.0 47.0 20.0 -1.0 15.0 -1.0 -1.0 43.0 -1.0 47.0 
-1.0 18.0 44.0 -1.0 31.0 -1.0 37.0 -1.0 -1.0 37.0 -1.0 -1.0 -1.0 -1.0 18.0 
49.0 16.0 26.0 23.0 37.0 29.0 -1.0 -1.0 41.0 -1.0 -1.0 -1.0 26.0 34.0 35.0 
-1.0 -1.0 19.0 -1.0 -1.0 27.0 46.0 -1.0 -1.0 17.0 20.0 -1.0 48.0 27.0 28.0 
-1.0 39.0 10.0 -1.0 14.0 16.0 18.0 16.0 50.0 -1.0 -1.0 -1.0 34.0 -1.0 -1.0 
26.0 -1.0 45.0 -1.0 48.0 -1.0 37.0 13.0 31.0 33.0 -1.0 -1.0 23.0 45.0 -1.0 
-1.0 28.0 37.0 -1.0 -1.0 44.0 -1.0 -1.0 -1.0 -1.0 -1.0 -1.0 26.0 34.0 49.0 
-1.0 37.0 29.0 -1.0 -1.0 -1.0 -1.0 15.0 50.0 45.0 -1.0 32.0 -1.0 -1.0 26.0 
-1.0 11.0 -1.0 -1.0 17.0 32.0 13.0 17.0 -1.0 11.0 36.0 43.0 14.0 38.0 -1.0 
26.0 -1.0 -1.0 47.0 43.0 30.0 37.0 -1.0 -1.0 35.0 25.0 20.0 30.0 -1.0 -1.0 
42.0 -1.0 20.0 -1.0 22.0 50.0 42.0 24.0 -1.0 10.0 11.0 -1.0 -1.0 -1.0 -1.0 
-1.0 47.0 37.0 -1.0 25.0 26.0 -1.0 -1.0 -1.0 -1.0 32.0 -1.0 43.0 -1.0 -1.0 
35.0 -1.0 -1.0 38.0 -1.0 -1.0 45.0 -1.0 17.0 -1.0 -1.0 -1.0 -1.0 -1.0 -1.0 
13.0 33.0 36.0 50.0 -1.0 -1.0 -1.0 -1.0 23.0 -1.0 28.0 -1.0 -1.0 17.0 -1.0 
-1.0 -1.0 46.0 14.0 -1.0 35.0 -1.0 10.0 -1.0 -1.0 -1.0 36.0 -1.0 20.0 28.0 
19.0 -1.0 -1.0 34.0 44.0 49.0 32.0 27.0 14.0 46.0 12.0 -1.0 -1.0 -1.0 29.0 
-1.0 20.0 -1.0 26.0 -1.0 -1.0 -1.0 -1.0 -1.0 -1.0 -1.0 33.0 17.0 -1.0 23.0 
-1.0 22.0 17.0 -1.0 -1.0 -1.0 -1.0 -1.0 -1.0 23.0 -1.0 -1.0 -1.0 10.0 -1.0 
-1.0 16.0 41.0 40.0 -1.0 44.0 29.0 42.0 41.0 34.0 -1.0 22.0 -1.0 -1.0 -1.0 
28.0 -1.0 -1.0 -1.0 27.0 -1.0 -1.0 -1.0 43.0 48.0 38.0 50.0 -1.0 13.0 -1.0 
29.0 14.0 -1.0 -1.0 45.0 -1.0 12.0 33.0 -1.0 19.0 49.0 13.0 -1.0 28.0 49.0 
-1.0 -1.0 -1.0 19.0 -1.0 -1.0 21.0 34.0 -1.0 13.0 28.0 27.0 25.0 -1.0 -1.0 
12.0 18.0 -1.0 -1.0 -1.0 16.0 15.0 15.0 -1.0 -1.0 37.0 47.0 -1.0 21.0 -1.0 
-1.0 -1.0 -1.0 34.0 26.0 -1.0 -1.0 -1.0 45.0 -1.0 -1.0 -1.0 -1.0 28.0 30.0 
-1.0 -1.0 -1.0 -1.0 -1.0 47.0 -1.0 -1.0 -1.0 37.0 -1.0 33.0 22.0 26.0 -1.0 
38.0 15.0 -1.0 -1.0 -1.0 45.0 -1.0 -1.0 -1.0 19.0 -1.0 -1.0 -1.0 -1.0 -1.0 
38.0 26.0 -1.0 -1.0 -1.0 -1.0 41.0 31.0 44.0 25.0 -1.0 -1.0 35.0 -1.0 -1.0 
-1.0 31.0 -1.0 11.0 -1.0 30.0 42.0 -1.0 -1.0 28.0 -1.0 -1.0 46.0 50.0 20.0 
17.0 31.0 21.0 17.0 -1.0 -1.0 -1.0 28.0 14.0 -1.0 47.0 38.0 16.0 -1.0 40.0 
-1.0 -1.0 11.0 41.0 20.0 27.0 -1.0 -1.0 -1.0 -1.0 -1.0 -1.0 -1.0 -1.0 -1.0 
34.0 12.0 44.0 -1.0 13.0 -1.0 -1.0 -1.0 44.0 -1.0 39.0 -1.0 37.0 -1.0 43.0 
43.0 41.0 -1.0 -1.0 17.0 36.0 24.0 -1.0 26.0 -1.0 14.0 19.0 -1.0 32.0 -1.0 
-1.0 32.0 10.0 26.0 29.0 32.0 -1.0 -1.0 14.0 -1.0 46.0 -1.0 -1.0 -1.0 -1.0 
47.0 -1.0 -1.0 34.0 39.0 46.0 -1.0 15.0 -1.0 33.0 49.0 14.0 11.0 -1.0 40.0 
-1.0 -1.0 -1.0 -1.0 32.0 -1.0 -1.0 39.0 18.0 -1.0 21.0 -1.0 -1.0 13.0 28.0 
-1.0 -1.0 25.0 -1.0 -1.0 29.0 33.0 -1.0 29.0 21.0 13.0 23.0 34.0 40.0 31.0 
-1.0 -1.0 -1.0 43.0 11.0 -1.0 12.0 -1.0 -1.0 -1.0 -1.0 -1.0 -1.0 11.0 -1.0 
-1.0 10.0 42.0 19.0 38.0 -1.0 -1.0 28.0 -1.0 -1.0 -1.0 23.0 -1.0 48.0 -1.0 
31.0 -1.0 30.0 29.0 34.0 -1.0 -1.0 21.0 22.0 10.0 26.0 -1.0 29.0 45.0 -1.0 
-1.0 -1.0 -1.0 -1.0 41.0 -1.0 -1.0 -1.0 -1.0 29.0 -1.0 -1.0 50.0 29.0 -1.0 
-1.0 16.0 -1.0 -1.0 50.0 28.0 24.0 23.0 -1.0 50.0 41.0 -1.0 -1.0 31.0 -1.0 
41.0 13.0 -1.0 14.0 14.0 -1.0 -1.0 -1.0 -1.0 -1.0 28.0 34.0 48.0 -1.0 47.0 
15.0 41.0 20.0 47.0 -1.0 -1.0 41.0 24.0 -1.0 -1.0 14.0 -1.0 16.0 -1.0 38.0 
40.0 -1.0 -1.0 20.0 40.0 -1.0 32.0 -1.0 34.0 44.0 -1.0 15.0 10.0 17.0 48.0 
25.0 -1.0 -1.0 36.0 -1.0 -1.0 48.0 -1.0 15.0 -1.0 -1.0 -1.0 -1.0 -1.0 -1.0 
-1.0 -1.0 32.0 -1.0 33.0 27.0 -1.0 36.0 33.0 24.0 16.0 -1.0 -1.0 30.0 -1.0 
-1.0 -1.0 -1.0 49.0 -1.0 -1.0 35.0 -1.0 30.0 20.0 -1.0 50.0 14.0 40.0 -1.0 
18.0 11.0 34.0 -1.0 33.0 36.0 -1.0 22.0 31.0 27.0 -1.0 -1.0 -1.0 49.0 32.0 
19.0 -1.0 -1.0 14.0 34.0 -1.0 -1.0 35.0 -1.0 -1.0 46.0 15.0 44.0 40.0 -1.0 
29.0 -1.0 -1.0 18.0 33.0 47.0 -1.0 -1.0 -1.0 -1.0 -1.0 -1.0 13.0 16.0 -1.0 
-1.0 27.0 -1.0 19.0 41.0 48.0 -1.0 19.0 29.0 -1.0 44.0 50.0 -1.0 -1.0 29.0 
-1.0 -1.0 -1.0 21.0 36.0 43.0 -1.0 -1.0 41.0 -1.0 25.0 -1.0 -1.0 -1.0 34.0 
17.0 38.0 -1.0 28.0 28.0 -1.0 -1.0 -1.0 -1.0 13.0 30.0 20.0 -1.0 50.0 -1.0 
-1.0 12.0 -1.0 -1.0 -1.0 -1.0 19.0 -1.0 47.0 -1.0 -1.0 10.0 -1.0 20.0 -1.0 
-1.0 23.0 20.0 40.0 23.0 -1.0 -1.0 -1.0 29.0 11.0 27.0 -1.0 41.0 -1.0 -1.0 
41.0 18.0 38.0 -1.0 31.0 -1.0 -1.0 30.0 17.0 -1.0 38.0 44.0 32.0 -1.0 42.0 
-1.0 -1.0 45.0 17.0 -1.0 29.0 -1.0 27.0 25.0 17.0 13.0 45.0 18.0 -1.0 39.0 
18.0 19.0 43.0 -1.0 13.0 -1.0 50.0 -1.0 -1.0 30.0 -1.0 39.0 -1.0 -1.0 -1.0 
13.0 20.0 17.0 39.0 -1.0 13.0 37.0 30.0 -1.0 47.0 -1.0 21.0 -1.0 -1.0 16.0 
23.0 -1.0 39.0 33.0 -1.0 18.0 16.0 -1.0 -1.0 15.0 -1.0 15.0 36.0 -1.0 27.0 
-1.0 -1.0 42.0 -1.0 -1.0 17.0 -1.0 50.0 -1.0 -1.0 14.0 39.0 -1.0 -1.0 -1.0 
