***n m*** 
30 15 
***h*** 
14 10 5 10 13 13 15 11 8 8 12 15 8 5 14 8 6 6 6 7 5 11 14 8 7 8 10 12 13 9 
***d*** 
129.96 747.24 979.42 848.19 124.15 871.22 511.76 723.07 707.03 1113.23 124.67 131.37 1069.16 762.33 1139.13 857.08 794.25 106.01 114.86 833.31 986.85 487.7 1162.93 479.46 692.87 122.0 1103.74 867.5 501.74 724.75 
***M*** 
14 10 3 13 15 6 5 12 1 
5 8 15 11 12 
10 3 12 2 15 8 6 4 
6 10 15 14 8 1 5 2 9 11 
8 3 15 4 13 2 6 
6 9 7 1 12 
7 6 3 5 15 9 
14 10 7 12 9 11 
12 13 7 2 9 1 
10 14 8 2 11 12 6 1 
4 12 6 13 5 3 15 2 
1 5 2 13 12 15 3 10 7 
13 6 14 5 3 4 
13 5 9 10 15 7 2 8 
9 4 6 15 
5 11 13 14 7 3 15 1 8 
7 6 2 10 12 1 4 14 13 11 
9 1 8 2 12 10 11 14 3 
7 15 3 5 10 
4 13 9 7 2 1 14 3 15 
11 3 5 4 
4 7 13 2 12 
13 15 7 4 6 1 
14 8 1 2 7 4 6 15 
4 10 6 8 
1 3 6 2 8 11 7 14 
13 7 1 2 8 
13 12 9 14 
3 14 1 15 6 
4 7 11 8 6 15 
15 1 5 12 4 10 11 
13 12 15 11 4 5 14 10 
8 10 13 11 9 3 5 15 
7 14 11 2 5 6 3 12 
8 15 14 6 12 3 1 13 10 5 
13 4 2 6 12 14 
3 1 8 10 6 11 
5 6 3 1 12 4 
3 1 7 4 12 15 14 8 
6 1 8 9 15 11 7 
15 2 7 5 9 1 4 12 11 
7 6 2 11 8 10 9 12 3 15 
4 12 1 14 11 3 6 
5 14 15 4 2 8 
7 9 3 13 1 10 5 2 
4 12 10 11 3 
14 12 8 7 5 1 
3 7 6 5 11 2 9 8 10 
5 2 15 14 7 12 
11 8 10 2 7 15 14 
4 8 10 14 9 
14 11 6 2 
8 15 2 12 9 1 4 7 14 10 
9 2 15 5 6 
6 9 2 12 4 11 10 
12 11 15 9 8 13 5 1 6 10 
4 11 3 6 15 8 
13 14 2 15 10 1 9 11 6 8 
8 13 10 6 
7 2 11 4 12 15 6 
10 15 12 9 4 5 14 2 
4 3 14 13 
8 6 15 10 
10 14 3 12 11 2 6 15 5 
9 11 6 13 
13 2 9 12 4 11 5 10 7 1 
8 11 7 1 2 3 4 
4 5 1 3 7 
15 11 13 1 12 9 
9 3 6 13 5 15 12 14 1 
10 7 8 6 13 12 2 4 
12 9 8 15 7 10 3 
1 6 5 12 8 15 3 
7 5 1 14 
6 1 9 2 10 
11 9 5 15 7 13 6 
12 4 10 9 11 8 5 6 2 3 
9 14 6 11 4 12 
6 7 3 15 
2 9 6 5 12 7 4 
14 12 10 1 2 7 6 
5 8 7 2 15 10 11 9 13 
1 3 7 14 
1 12 9 7 2 
8 3 14 1 
2 11 10 3 13 9 
15 4 9 1 13 8 7 10 11 
11 1 2 14 4 15 
6 10 1 5 12 
2 1 5 10 9 
7 14 2 3 9 13 1 
2 1 15 13 3 11 
12 10 7 14 8 6 3 11 2 13 
5 7 13 8 9 
4 1 6 14 8 3 13 15 11 
2 15 3 1 9 11 13 4 14 
2 1 7 11 14 
11 7 9 15 6 
14 10 15 12 3 13 2 8 6 
7 4 5 8 3 
8 15 5 13 
6 1 13 5 
8 3 2 5 7 13 1 15 
5 10 8 14 
4 13 9 1 7 12 5 2 10 
2 10 5 11 15 6 
2 13 7 5 9 3 
5 7 3 11 9 2 
9 12 14 2 6 8 11 
5 2 8 1 14 7 9 3 6 12 
14 9 1 8 4 2 12 5 7 
1 11 14 10 15 7 8 9 5 2 
5 4 12 13 
11 15 7 1 3 4 2 9 5 
10 3 13 7 11 4 8 
3 9 7 14 
6 13 5 12 
9 3 10 7 11 1 14 12 
13 9 10 11 15 
2 3 11 5 7 4 15 1 12 
5 11 8 2 10 
3 2 15 14 4 7 10 
7 6 11 9 4 8 3 5 
5 4 3 2 7 10 11 13 12 
12 5 2 9 10 3 
9 11 4 3 
9 13 1 6 3 
6 9 15 5 10 2 13 
3 13 4 10 5 2 14 15 11 
3 13 1 12 14 7 
9 12 1 10 7 
15 10 5 7 2 13 
3 4 5 8 
8 2 9 10 11 1 13 14 15 
12 6 5 4 14 
2 13 5 11 14 8 7 9 6 
3 13 9 8 
11 13 9 2 15 10 
10 9 15 14 3 4 
7 13 12 2 11 
9 5 15 6 13 7 3 4 10 12 
8 15 7 4 
13 6 14 3 10 
6 7 4 8 13 10 14 
6 15 11 5 13 3 9 4 
3 6 11 1 
15 9 4 2 6 10 5 8 
7 4 8 10 6 
11 6 12 13 2 7 3 15 
12 8 15 4 10 1 5 14 
6 11 15 12 4 7 5 
3 15 13 9 5 6 
5 13 4 1 11 2 7 10 
11 8 5 4 13 9 7 10 
7 15 9 14 11 4 12 1 2 13 
14 2 13 11 5 15 
3 5 1 9 7 11 4 14 
11 1 6 5 7 2 9 4 12 3 
3 7 5 8 13 6 11 
9 6 14 13 
2 5 14 12 10 8 13 1 7 
12 10 13 4 7 14 2 
8 11 13 9 15 4 6 
5 2 10 13 12 9 14 11 4 
2 5 8 15 1 12 
7 11 10 8 13 12 5 6 3 
10 7 4 2 9 12 6 13 8 14 
11 5 4 7 13 15 10 
4 8 1 2 3 5 7 10 6 
2 9 13 5 6 4 15 10 1 
14 6 13 2 9 7 4 15 12 1 
2 15 1 11 9 
8 10 3 5 13 9 
8 15 3 6 5 9 7 11 13 
11 6 7 10 13 15 3 4 12 
6 2 7 14 13 3 15 5 1 
2 7 11 3 13 
9 6 2 7 14 8 12 3 
7 14 2 6 12 13 4 1 8 
9 15 10 14 3 13 1 
13 8 1 7 
12 4 11 6 7 3 8 15 5 2 
1 13 6 4 
8 7 11 9 15 1 4 13 5 3 
12 7 13 5 14 9 2 3 6 1 
1 11 3 7 14 12 6 8 
1 11 9 14 5 10 13 
7 5 4 8 10 1 13 11 9 
10 9 12 3 6 7 
12 7 3 8 1 6 9 2 14 
14 2 12 3 15 13 9 11 5 
9 7 14 13 
5 12 1 14 6 4 9 10 3 
3 7 13 14 11 
2 5 4 3 15 10 9 14 
15 9 3 1 8 12 10 
15 6 4 2 9 7 11 8 5 10 
3 2 6 4 7 9 
15 10 12 6 
10 8 1 6 2 5 14 9 
12 13 15 5 1 2 3 6 10 9 
3 5 4 11 12 8 
13 11 3 7 10 2 1 14 9 6 
5 4 1 8 6 10 
7 8 10 14 5 4 13 
3 11 12 6 2 1 15 14 4 
10 3 7 9 8 
11 15 10 8 
1 10 12 11 5 9 7 2 6 
1 6 3 2 5 12 9 13 10 
9 10 4 6 5 3 2 7 12 
4 6 14 7 9 13 15 
4 3 8 1 
5 12 2 13 
13 6 8 7 10 11 5 4 2 15 
3 8 9 13 7 10 15 
13 10 8 3 15 14 
13 9 7 5 
5 9 2 7 4 
1 2 13 5 11 8 3 12 6 
8 4 1 11 
14 15 3 9 
14 4 6 5 11 9 3 
5 6 14 15 11 10 13 7 
10 9 4 15 
8 15 6 3 12 4 7 14 10 2 
5 14 4 3 
9 8 11 6 
8 5 9 10 12 2 7 6 
8 7 10 12 
5 15 13 8 6 9 4 2 7 
7 8 5 2 10 13 4 3 11 6 
1 7 14 12 2 
2 15 3 7 5 13 1 14 
7 3 5 12 13 4 
3 8 9 1 5 15 14 4 13 10 
7 10 2 14 12 3 
4 5 7 6 14 
7 6 11 12 
3 12 4 5 11 14 9 
11 5 14 7 8 2 10 12 4 
13 1 12 6 9 8 
6 9 14 4 8 10 
12 5 3 15 11 8 
1 14 2 6 15 12 13 5 8 
6 11 10 9 1 7 
2 5 13 6 1 12 3 4 7 
15 13 5 10 3 14 7 12 11 
9 8 10 4 13 1 14 
7 3 12 4 
15 3 6 8 
7 2 11 6 15 1 5 9 8 
8 9 7 12 11 6 3 
14 7 5 10 4 6 
10 13 5 7 15 8 
4 13 3 6 15 14 10 12 8 1 
5 10 14 15 11 1 2 13 9 
10 2 13 14 3 9 4 12 
10 5 14 15 1 11 
12 13 3 2 10 6 7 4 
9 4 13 11 8 15 7 6 
7 11 3 14 15 9 
11 12 5 6 
1 11 14 5 9 15 
3 2 6 14 13 7 11 12 4 8 
6 8 9 5 14 10 11 13 3 
3 2 7 1 
4 9 7 2 
9 3 15 14 4 
13 2 11 5 
5 15 12 11 6 4 13 
10 9 8 15 4 14 11 
8 11 9 14 1 15 
3 5 14 8 1 9 15 
12 7 2 14 13 
3 2 12 10 9 5 4 13 7 
8 10 14 11 7 
12 9 11 14 
10 9 2 11 15 7 12 1 13 
1 11 3 6 7 14 10 2 13 
11 5 13 8 6 10 1 12 
9 6 5 14 10 3 8 12 
11 4 8 10 14 3 2 15 6 
8 15 9 14 5 2 
6 15 10 14 5 12 
8 1 2 9 4 5 
3 7 1 4 12 5 10 9 6 2 
6 7 14 11 9 10 3 2 13 1 
13 15 9 5 7 12 10 14 6 
8 13 1 12 14 11 5 15 6 7 
2 8 15 13 
***P*** 
46.0 -1.0 44.0 -1.0 50.0 15.0 -1.0 -1.0 -1.0 37.0 -1.0 48.0 30.0 27.0 45.0 
-1.0 -1.0 -1.0 -1.0 11.0 -1.0 -1.0 31.0 -1.0 -1.0 17.0 11.0 -1.0 -1.0 32.0 
-1.0 27.0 48.0 25.0 -1.0 50.0 -1.0 21.0 -1.0 43.0 -1.0 45.0 -1.0 -1.0 30.0 
28.0 30.0 -1.0 -1.0 15.0 50.0 -1.0 44.0 39.0 25.0 11.0 -1.0 -1.0 39.0 41.0 
-1.0 44.0 40.0 47.0 -1.0 17.0 -1.0 26.0 -1.0 -1.0 -1.0 -1.0 15.0 -1.0 44.0 
12.0 -1.0 -1.0 -1.0 -1.0 48.0 12.0 -1.0 13.0 -1.0 -1.0 26.0 -1.0 -1.0 -1.0 
-1.0 -1.0 10.0 -1.0 50.0 40.0 45.0 -1.0 10.0 -1.0 -1.0 -1.0 -1.0 -1.0 13.0 
-1.0 -1.0 -1.0 -1.0 -1.0 -1.0 38.0 -1.0 13.0 44.0 32.0 25.0 -1.0 16.0 -1.0 
44.0 22.0 -1.0 -1.0 -1.0 -1.0 27.0 -1.0 40.0 -1.0 -1.0 35.0 46.0 -1.0 -1.0 
35.0 26.0 -1.0 -1.0 -1.0 26.0 -1.0 49.0 -1.0 11.0 15.0 20.0 -1.0 24.0 -1.0 
-1.0 41.0 14.0 27.0 27.0 10.0 -1.0 -1.0 -1.0 -1.0 -1.0 31.0 22.0 -1.0 38.0 
35.0 13.0 36.0 -1.0 32.0 -1.0 41.0 -1.0 -1.0 23.0 -1.0 36.0 20.0 -1.0 46.0 
-1.0 -1.0 13.0 43.0 50.0 49.0 -1.0 -1.0 -1.0 -1.0 -1.0 -1.0 27.0 45.0 -1.0 
-1.0 23.0 -1.0 -1.0 35.0 -1.0 15.0 47.0 25.0 44.0 -1.0 -1.0 14.0 -1.0 25.0 
-1.0 -1.0 -1.0 47.0 -1.0 49.0 -1.0 -1.0 20.0 -1.0 -1.0 -1.0 -1.0 -1.0 50.0 
28.0 -1.0 11.0 -1.0 37.0 -1.0 39.0 41.0 -1.0 -1.0 30.0 -1.0 24.0 40.0 29.0 
49.0 48.0 -1.0 47.0 -1.0 19.0 24.0 -1.0 -1.0 41.0 35.0 27.0 47.0 26.0 -1.0 
46.0 28.0 35.0 -1.0 -1.0 -1.0 -1.0 33.0 45.0 25.0 31.0 42.0 -1.0 24.0 -1.0 
-1.0 -1.0 44.0 -1.0 32.0 -1.0 33.0 -1.0 -1.0 45.0 -1.0 -1.0 -1.0 -1.0 17.0 
25.0 18.0 27.0 14.0 -1.0 -1.0 42.0 -1.0 18.0 -1.0 -1.0 -1.0 49.0 28.0 30.0 
-1.0 -1.0 40.0 26.0 36.0 -1.0 -1.0 -1.0 -1.0 -1.0 16.0 -1.0 -1.0 -1.0 -1.0 
-1.0 12.0 -1.0 48.0 -1.0 -1.0 11.0 -1.0 -1.0 -1.0 -1.0 39.0 14.0 -1.0 -1.0 
10.0 -1.0 -1.0 40.0 -1.0 45.0 13.0 -1.0 -1.0 -1.0 -1.0 -1.0 32.0 -1.0 30.0 
23.0 39.0 -1.0 31.0 -1.0 46.0 37.0 49.0 -1.0 -1.0 -1.0 -1.0 -1.0 34.0 41.0 
-1.0 -1.0 -1.0 30.0 -1.0 11.0 -1.0 13.0 -1.0 40.0 -1.0 -1.0 -1.0 -1.0 -1.0 
10.0 37.0 12.0 -1.0 -1.0 11.0 25.0 21.0 -1.0 -1.0 37.0 -1.0 -1.0 44.0 -1.0 
39.0 20.0 -1.0 -1.0 -1.0 -1.0 47.0 44.0 -1.0 -1.0 -1.0 -1.0 27.0 -1.0 -1.0 
-1.0 -1.0 -1.0 -1.0 -1.0 -1.0 -1.0 -1.0 33.0 -1.0 -1.0 50.0 46.0 24.0 -1.0 
11.0 -1.0 32.0 -1.0 -1.0 25.0 -1.0 -1.0 -1.0 -1.0 -1.0 -1.0 -1.0 19.0 19.0 
-1.0 -1.0 -1.0 11.0 -1.0 41.0 44.0 47.0 -1.0 -1.0 27.0 -1.0 -1.0 -1.0 12.0 
28.0 -1.0 -1.0 48.0 39.0 -1.0 -1.0 -1.0 -1.0 50.0 11.0 19.0 -1.0 -1.0 20.0 
-1.0 -1.0 -1.0 33.0 38.0 -1.0 -1.0 -1.0 -1.0 12.0 28.0 21.0 40.0 39.0 19.0 
-1.0 -1.0 34.0 -1.0 29.0 -1.0 -1.0 40.0 33.0 30.0 37.0 -1.0 40.0 -1.0 33.0 
-1.0 34.0 34.0 -1.0 34.0 13.0 43.0 -1.0 -1.0 -1.0 41.0 41.0 -1.0 31.0 -1.0 
42.0 -1.0 34.0 -1.0 32.0 50.0 -1.0 32.0 -1.0 32.0 -1.0 29.0 28.0 16.0 31.0 
-1.0 37.0 -1.0 43.0 -1.0 24.0 -1.0 -1.0 -1.0 -1.0 -1.0 14.0 36.0 17.0 -1.0 
18.0 -1.0 24.0 -1.0 -1.0 33.0 -1.0 35.0 -1.0 33.0 23.0 -1.0 -1.0 -1.0 -1.0 
25.0 -1.0 25.0 12.0 44.0 10.0 -1.0 -1.0 -1.0 -1.0 -1.0 13.0 -1.0 -1.0 -1.0 
20.0 -1.0 45.0 11.0 -1.0 -1.0 50.0 19.0 -1.0 -1.0 -1.0 21.0 -1.0 24.0 29.0 
48.0 -1.0 -1.0 -1.0 -1.0 11.0 38.0 25.0 29.0 -1.0 10.0 -1.0 -1.0 -1.0 34.0 
36.0 27.0 -1.0 22.0 47.0 -1.0 21.0 -1.0 25.0 -1.0 48.0 28.0 -1.0 -1.0 19.0 
-1.0 48.0 47.0 -1.0 -1.0 19.0 26.0 35.0 50.0 20.0 23.0 48.0 -1.0 -1.0 23.0 
25.0 -1.0 17.0 42.0 -1.0 22.0 -1.0 -1.0 -1.0 -1.0 19.0 11.0 -1.0 38.0 -1.0 
-1.0 13.0 -1.0 31.0 20.0 -1.0 -1.0 34.0 -1.0 -1.0 -1.0 -1.0 -1.0 39.0 33.0 
36.0 37.0 30.0 -1.0 32.0 -1.0 44.0 -1.0 42.0 41.0 -1.0 -1.0 13.0 -1.0 -1.0 
-1.0 -1.0 20.0 27.0 -1.0 -1.0 -1.0 -1.0 -1.0 24.0 14.0 33.0 -1.0 -1.0 -1.0 
42.0 -1.0 -1.0 -1.0 17.0 -1.0 39.0 18.0 -1.0 -1.0 -1.0 44.0 -1.0 27.0 -1.0 
-1.0 34.0 39.0 -1.0 44.0 32.0 46.0 24.0 42.0 14.0 22.0 -1.0 -1.0 -1.0 -1.0 
-1.0 43.0 -1.0 -1.0 29.0 -1.0 37.0 -1.0 -1.0 -1.0 -1.0 45.0 -1.0 11.0 44.0 
-1.0 36.0 -1.0 -1.0 -1.0 -1.0 36.0 39.0 -1.0 26.0 27.0 -1.0 -1.0 22.0 23.0 
-1.0 -1.0 -1.0 16.0 -1.0 -1.0 -1.0 39.0 24.0 26.0 -1.0 -1.0 -1.0 13.0 -1.0 
-1.0 38.0 -1.0 -1.0 -1.0 36.0 -1.0 -1.0 -1.0 -1.0 44.0 -1.0 -1.0 11.0 -1.0 
38.0 35.0 -1.0 31.0 -1.0 -1.0 31.0 26.0 38.0 41.0 -1.0 30.0 -1.0 38.0 27.0 
-1.0 46.0 -1.0 -1.0 31.0 12.0 -1.0 -1.0 32.0 -1.0 -1.0 -1.0 -1.0 -1.0 49.0 
-1.0 15.0 -1.0 21.0 -1.0 43.0 -1.0 -1.0 42.0 38.0 42.0 50.0 -1.0 -1.0 -1.0 
30.0 -1.0 -1.0 -1.0 21.0 36.0 -1.0 45.0 48.0 34.0 27.0 30.0 38.0 -1.0 43.0 
-1.0 -1.0 26.0 21.0 -1.0 18.0 -1.0 11.0 -1.0 -1.0 43.0 -1.0 -1.0 -1.0 35.0 
28.0 33.0 -1.0 -1.0 -1.0 37.0 -1.0 42.0 32.0 10.0 28.0 -1.0 14.0 22.0 40.0 
-1.0 -1.0 -1.0 -1.0 -1.0 24.0 -1.0 34.0 -1.0 25.0 -1.0 -1.0 28.0 -1.0 -1.0 
-1.0 32.0 -1.0 23.0 -1.0 14.0 33.0 -1.0 -1.0 -1.0 19.0 30.0 -1.0 -1.0 17.0 
-1.0 14.0 -1.0 33.0 50.0 -1.0 -1.0 -1.0 33.0 33.0 -1.0 10.0 -1.0 11.0 47.0 
-1.0 -1.0 38.0 31.0 -1.0 -1.0 -1.0 -1.0 -1.0 -1.0 -1.0 -1.0 48.0 21.0 -1.0 
-1.0 -1.0 -1.0 -1.0 -1.0 17.0 -1.0 35.0 -1.0 22.0 -1.0 -1.0 -1.0 -1.0 50.0 
-1.0 38.0 15.0 -1.0 23.0 18.0 -1.0 -1.0 -1.0 32.0 23.0 12.0 -1.0 17.0 28.0 
-1.0 -1.0 -1.0 -1.0 -1.0 18.0 -1.0 -1.0 47.0 -1.0 42.0 -1.0 22.0 -1.0 -1.0 
42.0 37.0 -1.0 19.0 20.0 -1.0 23.0 -1.0 16.0 10.0 46.0 24.0 10.0 -1.0 -1.0 
46.0 43.0 28.0 47.0 -1.0 -1.0 21.0 33.0 -1.0 -1.0 19.0 -1.0 -1.0 -1.0 -1.0 
45.0 -1.0 30.0 45.0 50.0 -1.0 45.0 -1.0 -1.0 -1.0 -1.0 -1.0 -1.0 -1.0 -1.0 
43.0 -1.0 -1.0 -1.0 -1.0 -1.0 -1.0 -1.0 35.0 -1.0 19.0 12.0 41.0 -1.0 22.0 
17.0 -1.0 16.0 -1.0 43.0 14.0 -1.0 -1.0 21.0 -1.0 -1.0 33.0 27.0 10.0 46.0 
-1.0 47.0 -1.0 50.0 -1.0 31.0 47.0 14.0 -1.0 37.0 -1.0 26.0 24.0 -1.0 -1.0 
-1.0 -1.0 13.0 -1.0 -1.0 -1.0 41.0 44.0 15.0 11.0 -1.0 21.0 -1.0 -1.0 39.0 
30.0 -1.0 23.0 -1.0 28.0 28.0 -1.0 27.0 -1.0 -1.0 -1.0 50.0 -1.0 -1.0 23.0 
23.0 -1.0 -1.0 -1.0 23.0 -1.0 42.0 -1.0 -1.0 -1.0 -1.0 -1.0 -1.0 43.0 -1.0 
26.0 21.0 -1.0 -1.0 -1.0 29.0 -1.0 -1.0 49.0 37.0 -1.0 -1.0 -1.0 -1.0 -1.0 
-1.0 -1.0 -1.0 -1.0 26.0 39.0 38.0 -1.0 10.0 -1.0 11.0 -1.0 41.0 -1.0 42.0 
-1.0 36.0 19.0 35.0 34.0 47.0 -1.0 47.0 30.0 40.0 18.0 37.0 -1.0 -1.0 -1.0 
-1.0 -1.0 -1.0 11.0 -1.0 46.0 -1.0 -1.0 41.0 -1.0 49.0 43.0 -1.0 47.0 -1.0 
-1.0 -1.0 45.0 -1.0 -1.0 30.0 29.0 -1.0 -1.0 -1.0 -1.0 -1.0 -1.0 -1.0 49.0 
-1.0 29.0 -1.0 36.0 35.0 28.0 34.0 -1.0 48.0 -1.0 -1.0 43.0 -1.0 -1.0 -1.0 
27.0 24.0 -1.0 -1.0 -1.0 23.0 40.0 -1.0 -1.0 29.0 -1.0 29.0 -1.0 37.0 -1.0 
-1.0 38.0 -1.0 -1.0 11.0 -1.0 33.0 50.0 46.0 50.0 35.0 -1.0 47.0 -1.0 20.0 
34.0 -1.0 43.0 -1.0 -1.0 -1.0 35.0 -1.0 -1.0 -1.0 -1.0 -1.0 -1.0 41.0 -1.0 
38.0 47.0 -1.0 -1.0 -1.0 -1.0 18.0 -1.0 21.0 -1.0 -1.0 36.0 -1.0 -1.0 -1.0 
50.0 -1.0 19.0 -1.0 -1.0 -1.0 -1.0 13.0 -1.0 -1.0 -1.0 -1.0 -1.0 22.0 -1.0 
-1.0 28.0 36.0 -1.0 -1.0 -1.0 -1.0 -1.0 36.0 28.0 48.0 -1.0 41.0 -1.0 -1.0 
29.0 -1.0 -1.0 50.0 -1.0 -1.0 45.0 30.0 18.0 29.0 39.0 -1.0 32.0 -1.0 30.0 
37.0 32.0 -1.0 28.0 -1.0 -1.0 -1.0 -1.0 -1.0 -1.0 25.0 -1.0 -1.0 30.0 26.0 
21.0 -1.0 -1.0 -1.0 14.0 46.0 -1.0 -1.0 -1.0 20.0 -1.0 25.0 -1.0 -1.0 -1.0 
12.0 45.0 -1.0 -1.0 37.0 -1.0 -1.0 -1.0 50.0 15.0 -1.0 -1.0 -1.0 -1.0 -1.0 
36.0 35.0 35.0 -1.0 -1.0 -1.0 30.0 -1.0 21.0 -1.0 -1.0 -1.0 29.0 32.0 -1.0 
44.0 32.0 20.0 -1.0 -1.0 -1.0 -1.0 -1.0 -1.0 -1.0 31.0 -1.0 18.0 -1.0 31.0 
-1.0 21.0 29.0 -1.0 -1.0 20.0 44.0 48.0 -1.0 50.0 27.0 29.0 46.0 35.0 -1.0 
-1.0 -1.0 -1.0 -1.0 27.0 -1.0 14.0 21.0 49.0 -1.0 -1.0 -1.0 22.0 -1.0 -1.0 
37.0 -1.0 22.0 40.0 -1.0 36.0 -1.0 44.0 -1.0 -1.0 45.0 -1.0 46.0 15.0 18.0 
25.0 29.0 27.0 40.0 -1.0 -1.0 -1.0 -1.0 10.0 -1.0 49.0 -1.0 20.0 14.0 39.0 
36.0 23.0 -1.0 -1.0 -1.0 -1.0 49.0 -1.0 -1.0 -1.0 13.0 -1.0 -1.0 29.0 -1.0 
-1.0 -1.0 -1.0 -1.0 -1.0 36.0 48.0 -1.0 39.0 -1.0 45.0 -1.0 -1.0 -1.0 49.0 
-1.0 36.0 48.0 -1.0 -1.0 22.0 -1.0 29.0 -1.0 44.0 -1.0 24.0 30.0 44.0 20.0 
-1.0 -1.0 38.0 38.0 47.0 -1.0 25.0 30.0 -1.0 -1.0 -1.0 -1.0 -1.0 -1.0 -1.0 
-1.0 -1.0 -1.0 -1.0 15.0 -1.0 -1.0 41.0 -1.0 -1.0 -1.0 -1.0 36.0 -1.0 20.0 
42.0 -1.0 -1.0 -1.0 11.0 25.0 -1.0 -1.0 -1.0 -1.0 -1.0 -1.0 41.0 -1.0 -1.0 
38.0 15.0 16.0 -1.0 25.0 -1.0 34.0 14.0 -1.0 -1.0 -1.0 -1.0 20.0 -1.0 17.0 
-1.0 -1.0 -1.0 -1.0 38.0 -1.0 -1.0 23.0 -1.0 48.0 -1.0 -1.0 -1.0 28.0 -1.0 
23.0 49.0 -1.0 16.0 44.0 -1.0 32.0 -1.0 44.0 48.0 -1.0 18.0 16.0 -1.0 -1.0 
-1.0 45.0 -1.0 -1.0 22.0 36.0 -1.0 -1.0 -1.0 33.0 30.0 -1.0 -1.0 -1.0 23.0 
-1.0 30.0 13.0 -1.0 46.0 -1.0 50.0 -1.0 31.0 -1.0 -1.0 -1.0 18.0 -1.0 -1.0 
-1.0 20.0 35.0 -1.0 17.0 -1.0 48.0 -1.0 29.0 -1.0 23.0 -1.0 -1.0 -1.0 -1.0 
-1.0 50.0 -1.0 -1.0 -1.0 49.0 -1.0 41.0 32.0 -1.0 28.0 48.0 -1.0 17.0 -1.0 
28.0 22.0 22.0 -1.0 31.0 31.0 45.0 42.0 17.0 -1.0 -1.0 33.0 -1.0 47.0 -1.0 
26.0 35.0 -1.0 29.0 43.0 -1.0 11.0 20.0 40.0 -1.0 -1.0 31.0 -1.0 25.0 -1.0 
21.0 15.0 -1.0 -1.0 49.0 -1.0 45.0 50.0 40.0 37.0 40.0 -1.0 -1.0 38.0 35.0 
-1.0 -1.0 -1.0 15.0 29.0 -1.0 -1.0 -1.0 -1.0 -1.0 -1.0 29.0 23.0 -1.0 -1.0 
17.0 12.0 18.0 29.0 38.0 -1.0 47.0 -1.0 45.0 -1.0 19.0 -1.0 -1.0 -1.0 36.0 
-1.0 -1.0 49.0 33.0 -1.0 -1.0 14.0 13.0 -1.0 21.0 24.0 -1.0 30.0 -1.0 -1.0 
-1.0 -1.0 19.0 -1.0 -1.0 -1.0 17.0 -1.0 49.0 -1.0 -1.0 -1.0 -1.0 32.0 -1.0 
-1.0 -1.0 -1.0 -1.0 27.0 10.0 -1.0 -1.0 -1.0 -1.0 -1.0 29.0 23.0 -1.0 -1.0 
26.0 -1.0 34.0 -1.0 -1.0 -1.0 23.0 -1.0 44.0 28.0 23.0 36.0 -1.0 35.0 -1.0 
-1.0 -1.0 -1.0 -1.0 -1.0 -1.0 -1.0 -1.0 45.0 35.0 40.0 -1.0 39.0 -1.0 42.0 
20.0 24.0 22.0 42.0 15.0 -1.0 13.0 -1.0 -1.0 -1.0 40.0 36.0 -1.0 -1.0 37.0 
-1.0 32.0 -1.0 -1.0 20.0 -1.0 -1.0 15.0 -1.0 17.0 15.0 -1.0 -1.0 -1.0 -1.0 
-1.0 13.0 32.0 37.0 -1.0 -1.0 31.0 -1.0 -1.0 28.0 -1.0 -1.0 -1.0 26.0 43.0 
-1.0 -1.0 45.0 27.0 11.0 24.0 24.0 24.0 50.0 -1.0 39.0 -1.0 -1.0 -1.0 -1.0 
-1.0 19.0 14.0 17.0 12.0 -1.0 33.0 -1.0 -1.0 27.0 41.0 15.0 17.0 -1.0 -1.0 
-1.0 35.0 25.0 -1.0 47.0 -1.0 -1.0 -1.0 26.0 21.0 -1.0 39.0 -1.0 -1.0 -1.0 
-1.0 -1.0 19.0 24.0 -1.0 -1.0 -1.0 -1.0 48.0 -1.0 16.0 -1.0 -1.0 -1.0 -1.0 
22.0 -1.0 24.0 -1.0 -1.0 41.0 -1.0 -1.0 39.0 -1.0 -1.0 -1.0 29.0 -1.0 -1.0 
-1.0 49.0 -1.0 -1.0 17.0 36.0 -1.0 -1.0 16.0 43.0 -1.0 -1.0 48.0 -1.0 42.0 
-1.0 48.0 31.0 43.0 35.0 -1.0 -1.0 -1.0 -1.0 39.0 44.0 -1.0 10.0 10.0 29.0 
50.0 -1.0 19.0 -1.0 -1.0 -1.0 45.0 -1.0 -1.0 -1.0 -1.0 50.0 14.0 10.0 -1.0 
26.0 -1.0 -1.0 -1.0 -1.0 -1.0 13.0 -1.0 24.0 49.0 -1.0 17.0 -1.0 -1.0 -1.0 
-1.0 46.0 -1.0 -1.0 26.0 -1.0 47.0 -1.0 -1.0 34.0 -1.0 -1.0 41.0 -1.0 23.0 
-1.0 -1.0 30.0 48.0 15.0 -1.0 -1.0 34.0 -1.0 -1.0 -1.0 -1.0 -1.0 -1.0 -1.0 
41.0 47.0 -1.0 -1.0 -1.0 -1.0 -1.0 50.0 35.0 47.0 36.0 -1.0 45.0 37.0 19.0 
-1.0 -1.0 -1.0 12.0 29.0 37.0 -1.0 -1.0 -1.0 -1.0 -1.0 38.0 -1.0 33.0 -1.0 
-1.0 22.0 -1.0 -1.0 37.0 24.0 36.0 26.0 14.0 -1.0 47.0 -1.0 46.0 30.0 -1.0 
-1.0 -1.0 48.0 -1.0 -1.0 -1.0 -1.0 41.0 46.0 -1.0 -1.0 -1.0 26.0 -1.0 -1.0 
-1.0 34.0 -1.0 -1.0 -1.0 -1.0 -1.0 -1.0 14.0 34.0 34.0 -1.0 34.0 -1.0 48.0 
-1.0 -1.0 25.0 12.0 -1.0 -1.0 -1.0 -1.0 49.0 48.0 -1.0 -1.0 -1.0 43.0 32.0 
-1.0 18.0 -1.0 -1.0 -1.0 -1.0 17.0 -1.0 -1.0 -1.0 30.0 36.0 17.0 -1.0 -1.0 
-1.0 -1.0 42.0 41.0 29.0 19.0 16.0 -1.0 33.0 26.0 -1.0 44.0 25.0 -1.0 10.0 
-1.0 -1.0 -1.0 23.0 -1.0 -1.0 35.0 24.0 -1.0 -1.0 -1.0 -1.0 -1.0 -1.0 38.0 
-1.0 -1.0 38.0 -1.0 -1.0 33.0 -1.0 -1.0 -1.0 14.0 -1.0 -1.0 37.0 31.0 -1.0 
-1.0 -1.0 -1.0 39.0 -1.0 15.0 40.0 27.0 -1.0 22.0 -1.0 -1.0 43.0 21.0 -1.0 
-1.0 -1.0 41.0 31.0 13.0 30.0 -1.0 -1.0 37.0 -1.0 23.0 -1.0 35.0 -1.0 30.0 
23.0 -1.0 34.0 -1.0 -1.0 30.0 -1.0 -1.0 -1.0 -1.0 34.0 -1.0 -1.0 -1.0 -1.0 
-1.0 35.0 -1.0 25.0 50.0 32.0 -1.0 26.0 26.0 39.0 -1.0 -1.0 -1.0 -1.0 16.0 
-1.0 -1.0 -1.0 13.0 -1.0 45.0 10.0 41.0 -1.0 40.0 -1.0 -1.0 -1.0 -1.0 -1.0 
-1.0 41.0 26.0 -1.0 -1.0 45.0 40.0 -1.0 -1.0 -1.0 26.0 25.0 23.0 -1.0 34.0 
37.0 -1.0 -1.0 14.0 34.0 -1.0 -1.0 33.0 -1.0 36.0 -1.0 24.0 -1.0 46.0 16.0 
-1.0 -1.0 -1.0 45.0 39.0 16.0 41.0 -1.0 -1.0 -1.0 15.0 38.0 -1.0 -1.0 15.0 
-1.0 -1.0 50.0 -1.0 33.0 43.0 -1.0 -1.0 46.0 -1.0 -1.0 -1.0 14.0 -1.0 14.0 
22.0 38.0 -1.0 26.0 15.0 -1.0 33.0 -1.0 -1.0 18.0 19.0 -1.0 46.0 -1.0 -1.0 
-1.0 -1.0 -1.0 49.0 20.0 -1.0 25.0 23.0 14.0 26.0 32.0 -1.0 14.0 -1.0 -1.0 
44.0 46.0 -1.0 26.0 -1.0 -1.0 28.0 -1.0 31.0 -1.0 47.0 20.0 50.0 42.0 38.0 
-1.0 17.0 -1.0 -1.0 25.0 -1.0 -1.0 -1.0 -1.0 -1.0 31.0 -1.0 27.0 10.0 39.0 
34.0 -1.0 27.0 44.0 40.0 -1.0 35.0 -1.0 17.0 -1.0 46.0 -1.0 -1.0 10.0 -1.0 
15.0 45.0 42.0 42.0 41.0 33.0 10.0 -1.0 29.0 -1.0 12.0 10.0 -1.0 -1.0 -1.0 
-1.0 -1.0 22.0 -1.0 10.0 25.0 15.0 49.0 -1.0 -1.0 14.0 -1.0 29.0 -1.0 -1.0 
-1.0 -1.0 -1.0 -1.0 -1.0 47.0 -1.0 -1.0 18.0 -1.0 -1.0 -1.0 27.0 40.0 -1.0 
46.0 47.0 -1.0 -1.0 36.0 -1.0 20.0 47.0 -1.0 31.0 -1.0 36.0 20.0 35.0 -1.0 
-1.0 35.0 -1.0 16.0 -1.0 -1.0 24.0 -1.0 -1.0 26.0 -1.0 50.0 14.0 30.0 -1.0 
-1.0 -1.0 -1.0 20.0 -1.0 40.0 -1.0 28.0 13.0 -1.0 41.0 -1.0 30.0 -1.0 26.0 
-1.0 20.0 -1.0 35.0 17.0 -1.0 -1.0 -1.0 18.0 23.0 18.0 34.0 45.0 35.0 -1.0 
10.0 40.0 -1.0 -1.0 20.0 -1.0 -1.0 21.0 -1.0 -1.0 -1.0 18.0 -1.0 -1.0 50.0 
-1.0 -1.0 14.0 -1.0 26.0 15.0 25.0 22.0 -1.0 22.0 26.0 44.0 17.0 -1.0 -1.0 
-1.0 41.0 -1.0 13.0 -1.0 28.0 38.0 14.0 42.0 38.0 -1.0 28.0 44.0 48.0 -1.0 
-1.0 -1.0 -1.0 44.0 40.0 -1.0 31.0 -1.0 -1.0 19.0 14.0 -1.0 36.0 -1.0 28.0 
37.0 38.0 24.0 25.0 37.0 10.0 23.0 10.0 -1.0 12.0 -1.0 -1.0 -1.0 -1.0 -1.0 
10.0 48.0 -1.0 45.0 44.0 19.0 -1.0 -1.0 50.0 29.0 -1.0 -1.0 21.0 -1.0 11.0 
18.0 39.0 -1.0 24.0 -1.0 21.0 16.0 -1.0 20.0 -1.0 -1.0 21.0 28.0 50.0 23.0 
40.0 19.0 -1.0 -1.0 -1.0 -1.0 -1.0 -1.0 32.0 -1.0 32.0 -1.0 -1.0 -1.0 12.0 
-1.0 -1.0 45.0 -1.0 22.0 -1.0 -1.0 30.0 48.0 41.0 -1.0 -1.0 34.0 -1.0 -1.0 
-1.0 -1.0 21.0 -1.0 20.0 39.0 22.0 32.0 45.0 -1.0 24.0 -1.0 47.0 -1.0 45.0 
-1.0 -1.0 47.0 11.0 -1.0 10.0 38.0 -1.0 -1.0 12.0 16.0 30.0 20.0 -1.0 39.0 
24.0 20.0 12.0 -1.0 35.0 24.0 15.0 -1.0 -1.0 -1.0 -1.0 -1.0 22.0 47.0 11.0 
-1.0 23.0 10.0 -1.0 -1.0 -1.0 23.0 -1.0 -1.0 -1.0 19.0 -1.0 40.0 -1.0 -1.0 
-1.0 50.0 10.0 -1.0 -1.0 15.0 19.0 40.0 44.0 -1.0 -1.0 42.0 -1.0 36.0 -1.0 
24.0 27.0 -1.0 25.0 -1.0 15.0 49.0 22.0 -1.0 -1.0 -1.0 28.0 19.0 41.0 -1.0 
23.0 -1.0 38.0 -1.0 -1.0 -1.0 -1.0 -1.0 19.0 19.0 -1.0 -1.0 14.0 44.0 31.0 
46.0 -1.0 -1.0 -1.0 -1.0 -1.0 14.0 29.0 -1.0 -1.0 -1.0 -1.0 16.0 -1.0 -1.0 
-1.0 35.0 39.0 46.0 19.0 22.0 19.0 38.0 -1.0 -1.0 19.0 32.0 -1.0 -1.0 14.0 
46.0 -1.0 -1.0 18.0 -1.0 14.0 -1.0 -1.0 -1.0 -1.0 -1.0 -1.0 38.0 -1.0 -1.0 
46.0 -1.0 33.0 14.0 33.0 -1.0 32.0 18.0 35.0 -1.0 34.0 -1.0 32.0 -1.0 22.0 
42.0 43.0 15.0 -1.0 48.0 46.0 42.0 -1.0 23.0 -1.0 -1.0 31.0 25.0 41.0 -1.0 
39.0 -1.0 28.0 -1.0 -1.0 15.0 40.0 48.0 -1.0 -1.0 29.0 36.0 -1.0 50.0 -1.0 
24.0 -1.0 -1.0 -1.0 16.0 -1.0 -1.0 -1.0 49.0 34.0 15.0 -1.0 45.0 38.0 -1.0 
48.0 -1.0 -1.0 12.0 43.0 -1.0 41.0 33.0 16.0 45.0 37.0 -1.0 20.0 -1.0 -1.0 
-1.0 -1.0 50.0 -1.0 -1.0 35.0 35.0 -1.0 27.0 25.0 -1.0 19.0 -1.0 -1.0 -1.0 
41.0 21.0 41.0 -1.0 -1.0 17.0 20.0 17.0 22.0 -1.0 -1.0 14.0 -1.0 48.0 -1.0 
-1.0 41.0 26.0 -1.0 27.0 -1.0 -1.0 -1.0 46.0 -1.0 14.0 23.0 22.0 14.0 36.0 
-1.0 -1.0 -1.0 -1.0 -1.0 -1.0 15.0 -1.0 10.0 -1.0 -1.0 -1.0 16.0 40.0 -1.0 
39.0 -1.0 32.0 33.0 24.0 27.0 -1.0 -1.0 36.0 34.0 -1.0 49.0 -1.0 27.0 -1.0 
-1.0 -1.0 24.0 -1.0 -1.0 -1.0 17.0 -1.0 -1.0 -1.0 48.0 -1.0 45.0 18.0 -1.0 
-1.0 42.0 21.0 19.0 43.0 -1.0 -1.0 -1.0 13.0 14.0 -1.0 -1.0 -1.0 49.0 36.0 
24.0 -1.0 44.0 -1.0 -1.0 -1.0 -1.0 40.0 31.0 14.0 -1.0 30.0 -1.0 -1.0 40.0 
-1.0 12.0 -1.0 44.0 17.0 28.0 11.0 26.0 26.0 36.0 31.0 -1.0 -1.0 -1.0 18.0 
-1.0 21.0 32.0 23.0 -1.0 24.0 45.0 -1.0 45.0 -1.0 -1.0 -1.0 -1.0 -1.0 -1.0 
-1.0 -1.0 -1.0 -1.0 -1.0 43.0 -1.0 -1.0 -1.0 24.0 -1.0 18.0 -1.0 -1.0 31.0 
27.0 48.0 -1.0 -1.0 30.0 35.0 -1.0 15.0 45.0 31.0 -1.0 -1.0 -1.0 39.0 -1.0 
36.0 11.0 18.0 -1.0 42.0 27.0 -1.0 -1.0 19.0 46.0 -1.0 33.0 23.0 -1.0 11.0 
-1.0 -1.0 14.0 47.0 25.0 -1.0 -1.0 17.0 -1.0 -1.0 37.0 32.0 -1.0 -1.0 -1.0 
37.0 12.0 31.0 -1.0 -1.0 35.0 17.0 -1.0 17.0 35.0 12.0 -1.0 27.0 11.0 -1.0 
23.0 -1.0 -1.0 43.0 11.0 40.0 -1.0 14.0 -1.0 11.0 -1.0 -1.0 -1.0 -1.0 -1.0 
-1.0 -1.0 -1.0 32.0 15.0 -1.0 43.0 19.0 -1.0 40.0 -1.0 -1.0 44.0 36.0 -1.0 
48.0 18.0 36.0 29.0 -1.0 41.0 -1.0 -1.0 -1.0 -1.0 16.0 13.0 -1.0 33.0 26.0 
-1.0 -1.0 11.0 -1.0 -1.0 -1.0 39.0 41.0 39.0 23.0 -1.0 -1.0 -1.0 -1.0 -1.0 
-1.0 -1.0 -1.0 -1.0 -1.0 -1.0 -1.0 33.0 -1.0 18.0 13.0 -1.0 -1.0 -1.0 17.0 
27.0 19.0 -1.0 -1.0 19.0 25.0 35.0 -1.0 24.0 10.0 18.0 14.0 -1.0 -1.0 -1.0 
26.0 47.0 44.0 -1.0 43.0 17.0 -1.0 -1.0 11.0 49.0 -1.0 20.0 16.0 -1.0 -1.0 
-1.0 21.0 22.0 21.0 37.0 26.0 20.0 -1.0 39.0 41.0 -1.0 42.0 -1.0 -1.0 -1.0 
-1.0 -1.0 -1.0 22.0 -1.0 22.0 32.0 -1.0 23.0 -1.0 -1.0 -1.0 29.0 43.0 14.0 
27.0 -1.0 47.0 48.0 -1.0 -1.0 -1.0 31.0 -1.0 -1.0 -1.0 -1.0 -1.0 -1.0 -1.0 
-1.0 44.0 -1.0 -1.0 31.0 -1.0 -1.0 -1.0 -1.0 -1.0 -1.0 48.0 44.0 -1.0 -1.0 
-1.0 19.0 -1.0 17.0 33.0 49.0 48.0 27.0 -1.0 50.0 34.0 -1.0 23.0 -1.0 43.0 
-1.0 -1.0 10.0 -1.0 -1.0 -1.0 48.0 36.0 15.0 42.0 -1.0 -1.0 19.0 -1.0 19.0 
-1.0 -1.0 26.0 -1.0 -1.0 -1.0 -1.0 10.0 -1.0 46.0 -1.0 -1.0 33.0 11.0 29.0 
-1.0 -1.0 -1.0 -1.0 14.0 -1.0 35.0 -1.0 12.0 -1.0 -1.0 -1.0 47.0 -1.0 -1.0 
-1.0 48.0 -1.0 24.0 48.0 -1.0 36.0 -1.0 46.0 -1.0 -1.0 -1.0 -1.0 -1.0 -1.0 
38.0 18.0 39.0 -1.0 32.0 11.0 -1.0 37.0 -1.0 -1.0 16.0 23.0 50.0 -1.0 -1.0 
26.0 -1.0 -1.0 12.0 -1.0 -1.0 -1.0 12.0 -1.0 -1.0 17.0 -1.0 -1.0 -1.0 -1.0 
-1.0 -1.0 49.0 -1.0 -1.0 -1.0 -1.0 -1.0 31.0 -1.0 -1.0 -1.0 -1.0 49.0 40.0 
-1.0 -1.0 50.0 10.0 25.0 11.0 -1.0 -1.0 49.0 -1.0 33.0 -1.0 -1.0 43.0 -1.0 
-1.0 -1.0 -1.0 -1.0 29.0 16.0 49.0 -1.0 -1.0 47.0 46.0 -1.0 48.0 32.0 20.0 
-1.0 -1.0 -1.0 41.0 -1.0 -1.0 -1.0 -1.0 12.0 21.0 -1.0 -1.0 -1.0 -1.0 31.0 
-1.0 31.0 26.0 35.0 -1.0 38.0 42.0 29.0 -1.0 22.0 -1.0 10.0 -1.0 38.0 43.0 
-1.0 -1.0 26.0 34.0 50.0 -1.0 -1.0 -1.0 -1.0 -1.0 -1.0 -1.0 -1.0 44.0 -1.0 
-1.0 -1.0 -1.0 -1.0 -1.0 50.0 -1.0 28.0 14.0 -1.0 37.0 -1.0 -1.0 -1.0 -1.0 
-1.0 14.0 -1.0 -1.0 25.0 29.0 11.0 33.0 33.0 37.0 -1.0 24.0 -1.0 -1.0 -1.0 
-1.0 -1.0 -1.0 -1.0 -1.0 -1.0 30.0 30.0 -1.0 18.0 -1.0 43.0 -1.0 -1.0 -1.0 
-1.0 26.0 -1.0 25.0 48.0 32.0 33.0 10.0 30.0 -1.0 -1.0 -1.0 40.0 -1.0 46.0 
-1.0 23.0 20.0 11.0 41.0 50.0 34.0 31.0 -1.0 24.0 28.0 -1.0 48.0 -1.0 -1.0 
28.0 37.0 -1.0 -1.0 -1.0 -1.0 15.0 -1.0 -1.0 -1.0 -1.0 31.0 -1.0 35.0 -1.0 
13.0 43.0 40.0 -1.0 48.0 -1.0 16.0 -1.0 -1.0 -1.0 -1.0 -1.0 26.0 23.0 43.0 
-1.0 -1.0 37.0 14.0 33.0 -1.0 19.0 -1.0 -1.0 -1.0 -1.0 42.0 32.0 -1.0 -1.0 
24.0 -1.0 25.0 21.0 31.0 -1.0 -1.0 14.0 50.0 32.0 -1.0 -1.0 15.0 23.0 25.0 
-1.0 38.0 30.0 -1.0 -1.0 -1.0 26.0 -1.0 -1.0 50.0 -1.0 22.0 -1.0 32.0 -1.0 
-1.0 -1.0 -1.0 10.0 11.0 41.0 34.0 -1.0 -1.0 -1.0 -1.0 -1.0 -1.0 25.0 -1.0 
-1.0 -1.0 -1.0 -1.0 -1.0 12.0 11.0 -1.0 -1.0 -1.0 35.0 33.0 -1.0 -1.0 -1.0 
-1.0 -1.0 46.0 42.0 31.0 -1.0 -1.0 -1.0 19.0 -1.0 27.0 16.0 -1.0 20.0 -1.0 
-1.0 39.0 -1.0 33.0 50.0 -1.0 28.0 16.0 -1.0 30.0 43.0 30.0 -1.0 36.0 -1.0 
35.0 -1.0 -1.0 -1.0 -1.0 28.0 -1.0 14.0 28.0 -1.0 -1.0 45.0 11.0 -1.0 -1.0 
-1.0 -1.0 -1.0 27.0 -1.0 38.0 -1.0 42.0 32.0 12.0 -1.0 -1.0 -1.0 15.0 -1.0 
-1.0 -1.0 45.0 -1.0 23.0 -1.0 -1.0 37.0 -1.0 -1.0 42.0 45.0 -1.0 -1.0 37.0 
31.0 11.0 -1.0 -1.0 26.0 41.0 -1.0 16.0 -1.0 -1.0 -1.0 46.0 47.0 47.0 47.0 
14.0 -1.0 -1.0 -1.0 -1.0 45.0 25.0 -1.0 26.0 22.0 19.0 -1.0 -1.0 -1.0 -1.0 
14.0 28.0 32.0 23.0 44.0 26.0 28.0 -1.0 -1.0 -1.0 -1.0 10.0 46.0 -1.0 -1.0 
-1.0 -1.0 30.0 -1.0 20.0 -1.0 48.0 -1.0 -1.0 13.0 14.0 19.0 28.0 43.0 50.0 
31.0 -1.0 -1.0 33.0 -1.0 -1.0 -1.0 26.0 33.0 44.0 -1.0 -1.0 17.0 41.0 -1.0 
-1.0 -1.0 23.0 22.0 -1.0 -1.0 31.0 -1.0 -1.0 -1.0 -1.0 37.0 -1.0 -1.0 -1.0 
-1.0 -1.0 39.0 -1.0 -1.0 11.0 -1.0 41.0 -1.0 -1.0 -1.0 -1.0 -1.0 -1.0 10.0 
28.0 43.0 -1.0 -1.0 49.0 14.0 25.0 34.0 42.0 -1.0 37.0 -1.0 -1.0 -1.0 47.0 
-1.0 -1.0 47.0 -1.0 -1.0 13.0 20.0 30.0 32.0 -1.0 21.0 18.0 -1.0 -1.0 -1.0 
-1.0 -1.0 -1.0 25.0 48.0 24.0 15.0 -1.0 -1.0 30.0 -1.0 -1.0 -1.0 12.0 -1.0 
-1.0 -1.0 -1.0 -1.0 45.0 -1.0 23.0 41.0 -1.0 39.0 -1.0 -1.0 23.0 -1.0 43.0 
27.0 -1.0 37.0 41.0 -1.0 21.0 -1.0 20.0 -1.0 17.0 -1.0 45.0 30.0 15.0 48.0 
40.0 31.0 -1.0 -1.0 24.0 -1.0 -1.0 -1.0 23.0 15.0 48.0 -1.0 36.0 25.0 31.0 
-1.0 31.0 24.0 32.0 -1.0 -1.0 -1.0 -1.0 37.0 46.0 -1.0 15.0 23.0 40.0 -1.0 
20.0 -1.0 -1.0 -1.0 46.0 -1.0 -1.0 -1.0 -1.0 42.0 16.0 -1.0 -1.0 43.0 27.0 
-1.0 47.0 24.0 44.0 -1.0 21.0 24.0 -1.0 -1.0 48.0 -1.0 15.0 27.0 -1.0 -1.0 
-1.0 -1.0 -1.0 48.0 -1.0 16.0 21.0 12.0 41.0 -1.0 11.0 -1.0 44.0 -1.0 19.0 
-1.0 -1.0 46.0 -1.0 -1.0 -1.0 18.0 -1.0 26.0 -1.0 15.0 -1.0 -1.0 38.0 45.0 
-1.0 -1.0 -1.0 -1.0 19.0 20.0 -1.0 -1.0 -1.0 -1.0 39.0 36.0 -1.0 -1.0 -1.0 
22.0 -1.0 -1.0 -1.0 50.0 -1.0 -1.0 -1.0 15.0 -1.0 39.0 -1.0 -1.0 14.0 27.0 
-1.0 30.0 11.0 17.0 -1.0 10.0 14.0 21.0 -1.0 -1.0 20.0 45.0 31.0 31.0 -1.0 
-1.0 -1.0 24.0 -1.0 45.0 25.0 -1.0 13.0 16.0 15.0 45.0 -1.0 22.0 40.0 -1.0 
37.0 27.0 20.0 -1.0 -1.0 -1.0 45.0 -1.0 -1.0 -1.0 -1.0 -1.0 -1.0 -1.0 -1.0 
-1.0 27.0 -1.0 45.0 -1.0 -1.0 43.0 -1.0 29.0 -1.0 -1.0 -1.0 -1.0 -1.0 -1.0 
-1.0 -1.0 29.0 24.0 -1.0 -1.0 -1.0 -1.0 41.0 -1.0 -1.0 -1.0 -1.0 26.0 42.0 
-1.0 14.0 -1.0 -1.0 11.0 -1.0 -1.0 -1.0 -1.0 -1.0 12.0 -1.0 41.0 -1.0 -1.0 
-1.0 -1.0 -1.0 14.0 17.0 32.0 -1.0 -1.0 -1.0 -1.0 22.0 37.0 30.0 -1.0 10.0 
-1.0 -1.0 -1.0 20.0 -1.0 -1.0 -1.0 13.0 18.0 30.0 11.0 -1.0 -1.0 11.0 10.0 
27.0 -1.0 -1.0 -1.0 -1.0 -1.0 -1.0 17.0 28.0 -1.0 39.0 -1.0 -1.0 26.0 45.0 
17.0 -1.0 50.0 -1.0 25.0 -1.0 -1.0 29.0 41.0 -1.0 -1.0 -1.0 -1.0 18.0 22.0 
-1.0 30.0 -1.0 -1.0 -1.0 -1.0 35.0 -1.0 -1.0 -1.0 -1.0 50.0 33.0 48.0 -1.0 
-1.0 45.0 35.0 24.0 17.0 -1.0 44.0 -1.0 17.0 40.0 -1.0 16.0 16.0 -1.0 -1.0 
-1.0 -1.0 -1.0 -1.0 -1.0 -1.0 14.0 26.0 -1.0 41.0 39.0 -1.0 -1.0 15.0 -1.0 
-1.0 -1.0 -1.0 -1.0 -1.0 -1.0 -1.0 -1.0 45.0 -1.0 22.0 35.0 -1.0 22.0 -1.0 
24.0 27.0 -1.0 -1.0 -1.0 -1.0 12.0 -1.0 14.0 37.0 12.0 22.0 26.0 -1.0 46.0 
49.0 13.0 12.0 -1.0 -1.0 31.0 14.0 -1.0 -1.0 30.0 24.0 -1.0 49.0 19.0 -1.0 
20.0 -1.0 -1.0 -1.0 49.0 20.0 -1.0 21.0 -1.0 42.0 26.0 15.0 25.0 -1.0 -1.0 
-1.0 -1.0 34.0 -1.0 31.0 49.0 -1.0 13.0 14.0 49.0 -1.0 41.0 -1.0 41.0 -1.0 
-1.0 37.0 49.0 45.0 -1.0 23.0 -1.0 27.0 -1.0 29.0 31.0 -1.0 -1.0 22.0 12.0 
-1.0 28.0 -1.0 -1.0 34.0 -1.0 -1.0 12.0 19.0 -1.0 -1.0 -1.0 -1.0 44.0 40.0 
-1.0 -1.0 -1.0 -1.0 21.0 21.0 -1.0 -1.0 -1.0 35.0 -1.0 46.0 -1.0 14.0 18.0 
23.0 46.0 -1.0 34.0 17.0 -1.0 -1.0 39.0 34.0 -1.0 -1.0 -1.0 -1.0 -1.0 -1.0 
29.0 36.0 27.0 14.0 47.0 18.0 10.0 -1.0 45.0 12.0 -1.0 46.0 -1.0 -1.0 -1.0 
33.0 20.0 44.0 -1.0 -1.0 16.0 37.0 -1.0 14.0 45.0 21.0 -1.0 15.0 28.0 -1.0 
-1.0 -1.0 -1.0 -1.0 44.0 49.0 47.0 -1.0 41.0 14.0 -1.0 34.0 40.0 33.0 39.0 
10.0 -1.0 -1.0 -1.0 29.0 22.0 34.0 42.0 -1.0 -1.0 27.0 27.0 33.0 10.0 44.0 
-1.0 28.0 -1.0 -1.0 -1.0 -1.0 -1.0 42.0 -1.0 -1.0 -1.0 -1.0 27.0 -1.0 43.0 
