***n m*** 
30 15 
***h*** 
11 5 10 10 6 8 11 8 7 14 13 13 7 10 12 5 12 5 12 8 10 9 8 14 8 10 6 15 5 7 
***d*** 
815.88 399.3 705.02 680.15 415.4 425.86 692.32 657.92 106.43 838.17 468.91 716.82 424.45 467.89 116.6 929.84 473.41 428.55 701.69 751.59 463.39 677.35 964.4 1093.05 453.95 1045.89 626.0 836.32 414.97 638.89 
***M*** 
7 8 5 4 15 13 14 9 10 
12 5 8 1 4 9 10 7 
6 11 13 4 10 
10 7 11 8 4 12 6 9 3 
10 12 4 1 5 3 6 13 8 7 
10 12 7 1 15 9 3 
13 5 8 6 1 12 14 10 
11 13 3 8 12 6 15 7 
5 15 12 11 
4 12 5 1 3 15 14 6 9 7 
12 7 3 14 9 
15 1 4 12 10 
9 14 12 8 10 6 4 1 
1 14 13 10 2 15 4 12 3 
14 7 10 5 11 8 6 13 1 12 
8 11 2 12 7 15 1 14 3 5 
3 4 5 7 15 
7 12 9 2 1 5 10 14 
11 5 14 12 
11 15 1 2 8 10 12 6 
11 13 5 4 6 8 10 
15 6 12 13 5 
13 3 1 7 2 15 
4 11 10 9 12 5 7 13 
5 11 9 7 13 
8 11 15 7 3 6 
15 14 9 2 10 7 1 3 8 
6 13 4 10 8 14 12 3 
4 8 6 14 3 11 
10 13 5 8 3 
7 15 11 4 13 
7 11 6 2 5 12 13 
10 9 8 6 
7 11 13 12 14 10 4 2 
6 12 5 2 11 9 13 14 8 
13 12 2 7 11 5 
3 13 10 1 15 14 9 7 11 12 
3 10 13 9 14 
12 9 5 8 
7 12 8 10 9 13 15 3 5 2 
13 8 5 1 9 
14 10 15 1 2 11 5 
7 11 6 9 4 2 14 1 3 10 
14 4 5 13 3 15 10 11 6 
2 15 3 10 6 11 13 7 12 8 
15 5 7 12 4 3 10 13 2 
1 8 15 2 4 6 
9 4 14 2 7 12 5 
10 5 8 12 13 7 2 1 
9 15 1 10 11 8 12 
8 4 13 3 11 14 
15 11 7 2 14 3 13 10 5 
1 6 14 15 10 5 9 
1 5 12 4 2 10 7 
14 11 5 1 8 
10 8 12 13 
1 13 5 14 4 2 9 6 8 11 
10 6 14 3 1 
2 8 6 10 5 3 14 12 1 11 
15 1 9 14 7 4 
15 14 12 2 6 11 3 10 4 
7 13 11 10 
8 3 14 6 12 
8 9 13 11 4 14 12 6 10 
4 6 13 1 10 8 15 12 9 
1 7 12 6 3 9 5 13 15 8 
13 5 12 10 4 15 
4 9 7 12 1 
12 13 8 2 11 10 14 15 
2 9 12 11 7 15 
15 11 3 8 1 10 9 
12 8 1 4 
11 6 1 7 8 
5 1 8 2 15 11 3 
8 3 1 13 15 12 2 7 9 
10 5 6 15 4 12 2 
11 6 5 1 2 8 4 9 7 10 
7 3 1 6 
13 7 11 1 15 3 4 12 5 
2 8 7 10 6 14 15 9 
7 8 3 11 
8 13 11 12 6 14 5 
4 14 5 3 9 2 11 1 13 15 
15 7 3 5 11 
9 3 14 15 8 1 2 
9 1 6 5 11 13 2 7 3 
5 2 4 1 15 6 8 14 
7 5 14 12 3 9 13 4 1 
3 11 6 15 
2 6 1 10 13 3 4 7 
11 13 9 8 15 12 1 14 
13 15 5 3 14 10 7 12 
7 1 8 11 6 
8 12 2 11 14 5 15 9 1 
3 6 12 4 
11 8 6 4 15 12 
4 7 8 12 
5 11 14 4 7 1 12 3 
11 7 6 4 
11 6 10 2 12 7 9 1 8 15 
3 11 7 13 
10 5 9 7 14 12 3 11 6 
4 11 13 9 8 15 12 7 5 14 
10 4 13 12 11 
6 1 8 13 2 12 10 7 15 
9 8 15 5 4 7 6 
4 11 8 12 15 7 9 3 
3 8 14 13 5 6 9 10 11 
3 13 5 4 9 
6 13 14 5 10 7 9 
5 12 6 11 9 13 1 
5 2 14 7 3 4 10 13 
10 6 7 11 
2 14 8 4 10 1 13 
6 7 1 2 15 4 12 
10 13 8 14 12 6 9 5 
7 8 6 14 13 3 4 12 15 
2 9 6 15 13 11 8 3 
7 5 14 2 
10 6 13 4 3 
1 14 11 6 12 4 2 7 
9 12 8 11 2 7 6 15 4 3 
11 8 1 2 14 6 12 5 
2 1 12 3 9 7 5 4 14 10 
3 5 4 10 7 6 
7 3 2 14 13 
6 1 13 4 2 3 9 14 12 10 
15 13 9 5 10 
15 9 10 4 8 1 
3 4 14 15 
4 3 13 15 
1 4 14 12 7 
8 7 13 10 6 14 
14 5 3 7 
6 3 11 7 
2 10 3 12 
12 3 11 2 7 15 8 13 6 9 
4 10 6 13 
10 14 5 13 15 9 4 6 
5 11 14 10 13 
8 6 5 1 9 7 14 
6 5 4 2 10 13 12 11 7 14 
9 5 3 6 
2 4 7 15 3 14 11 10 1 
15 4 10 6 8 13 
15 7 4 8 6 
10 15 12 9 14 3 5 1 13 7 
2 7 15 6 11 4 9 10 12 14 
14 8 10 13 5 
3 15 2 14 1 13 5 
10 4 12 5 9 15 1 11 
10 5 14 2 13 12 9 1 15 
7 12 9 4 14 13 3 15 5 2 
11 9 3 1 8 
4 11 7 5 
5 12 13 2 
1 6 5 14 11 12 2 10 9 
12 11 2 4 10 8 13 5 7 
8 10 3 11 13 15 9 
11 3 8 5 15 13 1 
13 8 9 14 4 1 10 11 15 6 
7 12 6 5 1 3 2 8 10 11 
2 10 15 1 
6 9 10 13 12 5 15 7 1 
2 6 1 3 13 14 9 
2 6 9 11 7 10 4 3 13 15 
12 1 13 6 11 14 15 
11 13 7 5 3 12 1 6 9 
13 15 9 14 4 7 
8 2 6 11 
12 14 13 10 2 
9 1 2 8 12 
6 14 13 2 15 3 1 5 9 
6 14 15 4 1 9 
10 15 7 2 4 5 6 
6 3 2 8 7 
14 6 1 3 7 9 4 2 
15 4 9 5 1 2 3 
11 13 14 10 12 4 3 6 7 5 
8 10 5 7 9 14 1 13 15 11 
13 7 8 3 11 14 15 6 9 12 
6 3 10 13 9 8 5 1 12 11 
13 5 2 12 6 11 9 14 
12 6 15 8 1 
1 8 5 7 4 9 2 12 13 
10 2 6 5 
15 6 14 8 5 2 
1 8 6 3 12 
3 11 8 15 4 13 14 12 7 
7 8 15 12 
7 9 3 12 11 15 2 6 
5 15 14 4 3 8 
13 15 2 12 14 8 7 9 10 6 
3 2 13 6 12 1 8 9 
8 11 14 13 10 12 1 7 9 
8 1 14 5 
1 7 10 12 4 11 13 5 3 6 
2 11 6 4 12 10 15 
12 3 11 2 8 15 
13 7 2 6 14 10 1 12 11 
14 10 13 2 8 1 
9 12 4 13 1 3 6 
8 3 4 11 7 2 6 10 13 14 
4 6 13 14 5 15 9 1 8 
9 14 15 8 6 13 
10 4 12 8 13 
4 5 6 13 11 14 15 2 
6 1 14 4 10 12 8 
11 12 8 5 6 10 
11 9 1 7 10 
7 12 1 5 2 
6 2 1 7 5 11 14 9 
3 7 5 6 
7 14 6 11 15 12 3 5 13 
7 11 3 10 5 4 1 13 14 
15 4 2 14 6 9 5 1 
5 15 9 3 2 
2 12 15 7 1 6 
4 13 2 15 8 
14 5 2 13 10 
5 6 14 11 15 7 3 2 10 
8 7 14 3 6 13 1 2 10 
3 14 5 7 15 10 13 8 11 12 
1 12 2 9 14 6 13 15 
5 11 8 4 
7 2 14 3 1 10 9 6 
13 9 2 4 
13 5 2 1 12 
6 10 7 9 13 1 12 11 
8 13 5 2 6 15 7 
10 2 8 15 12 11 6 1 9 5 
10 2 7 4 15 8 
4 12 9 1 5 15 
8 9 14 6 2 1 5 
14 8 3 7 1 13 
3 7 11 2 8 
11 1 3 6 8 15 
12 2 8 7 
7 6 9 10 5 
6 11 4 7 8 15 3 14 1 13 
13 15 9 14 7 6 8 
1 7 14 5 2 8 11 
7 2 6 8 4 
15 3 8 6 11 12 13 1 
12 7 3 13 10 9 11 14 15 5 
10 5 1 6 9 12 14 11 2 
7 8 1 6 
15 14 13 3 12 1 7 9 5 10 
5 14 7 4 11 6 
13 11 4 8 6 12 14 
11 5 12 13 8 
12 6 11 13 5 7 10 8 1 2 
9 13 11 1 5 8 3 4 2 15 
1 2 3 6 
2 13 9 12 
2 1 7 12 14 9 6 
5 7 15 3 9 2 14 12 4 13 
3 13 12 8 4 
5 7 14 11 
15 10 8 14 1 7 6 
2 15 4 9 
8 6 12 2 3 13 14 
6 4 7 9 11 1 
3 4 13 11 
7 14 4 3 8 10 13 
13 5 15 7 12 10 6 3 
5 9 12 11 10 13 2 
4 2 8 15 11 1 10 5 9 
9 7 14 11 10 15 
12 8 14 7 9 3 
13 4 6 12 
10 11 12 13 7 5 14 15 6 
8 4 1 12 5 3 11 6 14 
15 10 13 2 6 12 1 
3 15 11 1 13 14 5 4 8 
7 5 13 8 10 3 2 12 
9 5 14 12 15 1 
4 8 6 7 11 1 
12 10 4 1 7 6 2 13 5 8 
***P*** 
-1.0 -1.0 -1.0 32.0 38.0 -1.0 31.0 34.0 24.0 21.0 -1.0 -1.0 38.0 46.0 35.0 
48.0 -1.0 -1.0 13.0 48.0 -1.0 18.0 33.0 15.0 25.0 -1.0 33.0 -1.0 -1.0 -1.0 
-1.0 -1.0 -1.0 17.0 -1.0 16.0 -1.0 -1.0 -1.0 40.0 47.0 -1.0 44.0 -1.0 -1.0 
-1.0 -1.0 40.0 18.0 -1.0 29.0 48.0 29.0 25.0 35.0 23.0 27.0 -1.0 -1.0 -1.0 
40.0 -1.0 19.0 31.0 40.0 49.0 44.0 23.0 -1.0 44.0 -1.0 48.0 15.0 -1.0 -1.0 
26.0 -1.0 50.0 -1.0 -1.0 -1.0 25.0 -1.0 38.0 29.0 -1.0 32.0 -1.0 -1.0 34.0 
43.0 -1.0 -1.0 -1.0 28.0 36.0 -1.0 40.0 -1.0 39.0 -1.0 48.0 21.0 34.0 -1.0 
-1.0 -1.0 42.0 -1.0 -1.0 14.0 43.0 45.0 -1.0 -1.0 44.0 33.0 43.0 -1.0 22.0 
-1.0 -1.0 -1.0 -1.0 18.0 -1.0 -1.0 -1.0 -1.0 -1.0 27.0 10.0 -1.0 -1.0 21.0 
29.0 -1.0 39.0 39.0 37.0 46.0 37.0 -1.0 45.0 -1.0 -1.0 20.0 -1.0 49.0 44.0 
-1.0 -1.0 19.0 -1.0 -1.0 -1.0 28.0 -1.0 43.0 -1.0 -1.0 46.0 -1.0 47.0 -1.0 
17.0 -1.0 -1.0 46.0 -1.0 -1.0 -1.0 -1.0 -1.0 22.0 -1.0 17.0 -1.0 -1.0 30.0 
26.0 -1.0 -1.0 32.0 -1.0 42.0 -1.0 13.0 19.0 33.0 -1.0 12.0 -1.0 39.0 -1.0 
19.0 37.0 31.0 36.0 -1.0 -1.0 -1.0 -1.0 -1.0 42.0 -1.0 23.0 45.0 47.0 10.0 
12.0 -1.0 -1.0 -1.0 37.0 28.0 23.0 23.0 -1.0 46.0 27.0 18.0 49.0 48.0 -1.0 
18.0 16.0 15.0 -1.0 43.0 -1.0 22.0 16.0 -1.0 -1.0 39.0 49.0 -1.0 17.0 43.0 
-1.0 -1.0 33.0 41.0 29.0 -1.0 32.0 -1.0 -1.0 -1.0 -1.0 -1.0 -1.0 -1.0 12.0 
29.0 29.0 -1.0 -1.0 13.0 -1.0 37.0 -1.0 40.0 20.0 -1.0 48.0 -1.0 37.0 -1.0 
-1.0 -1.0 -1.0 -1.0 38.0 -1.0 -1.0 -1.0 -1.0 -1.0 19.0 31.0 -1.0 50.0 -1.0 
40.0 14.0 -1.0 -1.0 -1.0 12.0 -1.0 32.0 -1.0 50.0 31.0 27.0 -1.0 -1.0 26.0 
-1.0 -1.0 -1.0 45.0 24.0 30.0 -1.0 12.0 -1.0 38.0 32.0 -1.0 40.0 -1.0 -1.0 
-1.0 -1.0 -1.0 -1.0 18.0 27.0 -1.0 -1.0 -1.0 -1.0 -1.0 23.0 44.0 -1.0 32.0 
48.0 11.0 36.0 -1.0 -1.0 -1.0 24.0 -1.0 -1.0 -1.0 -1.0 -1.0 29.0 -1.0 28.0 
-1.0 -1.0 -1.0 36.0 18.0 -1.0 15.0 -1.0 23.0 38.0 39.0 39.0 38.0 -1.0 -1.0 
-1.0 -1.0 -1.0 -1.0 18.0 -1.0 47.0 -1.0 19.0 -1.0 40.0 -1.0 32.0 -1.0 -1.0 
-1.0 -1.0 38.0 -1.0 -1.0 49.0 12.0 31.0 -1.0 -1.0 40.0 -1.0 -1.0 -1.0 42.0 
15.0 29.0 16.0 -1.0 -1.0 -1.0 30.0 33.0 20.0 19.0 -1.0 -1.0 -1.0 47.0 26.0 
-1.0 -1.0 45.0 31.0 -1.0 34.0 -1.0 42.0 -1.0 38.0 -1.0 40.0 36.0 45.0 -1.0 
-1.0 -1.0 44.0 34.0 -1.0 18.0 -1.0 47.0 -1.0 -1.0 45.0 -1.0 -1.0 29.0 -1.0 
-1.0 -1.0 40.0 -1.0 11.0 -1.0 -1.0 14.0 -1.0 47.0 -1.0 -1.0 21.0 -1.0 -1.0 
-1.0 -1.0 -1.0 20.0 -1.0 -1.0 20.0 -1.0 -1.0 -1.0 18.0 -1.0 41.0 -1.0 16.0 
-1.0 31.0 -1.0 -1.0 29.0 12.0 19.0 -1.0 -1.0 -1.0 30.0 30.0 15.0 -1.0 -1.0 
-1.0 -1.0 -1.0 -1.0 -1.0 42.0 -1.0 15.0 21.0 48.0 -1.0 -1.0 -1.0 -1.0 -1.0 
-1.0 45.0 -1.0 24.0 -1.0 -1.0 12.0 -1.0 -1.0 17.0 30.0 28.0 35.0 39.0 -1.0 
-1.0 29.0 -1.0 -1.0 50.0 27.0 -1.0 25.0 16.0 -1.0 48.0 13.0 28.0 41.0 -1.0 
-1.0 25.0 -1.0 -1.0 34.0 -1.0 22.0 -1.0 -1.0 -1.0 43.0 30.0 37.0 -1.0 -1.0 
42.0 -1.0 26.0 -1.0 -1.0 -1.0 11.0 -1.0 22.0 11.0 41.0 48.0 29.0 26.0 45.0 
-1.0 -1.0 38.0 -1.0 -1.0 -1.0 -1.0 -1.0 26.0 39.0 -1.0 -1.0 22.0 47.0 -1.0 
-1.0 -1.0 -1.0 -1.0 15.0 -1.0 -1.0 40.0 18.0 -1.0 -1.0 22.0 -1.0 -1.0 -1.0 
-1.0 42.0 13.0 -1.0 17.0 -1.0 22.0 44.0 14.0 49.0 -1.0 37.0 40.0 -1.0 19.0 
36.0 -1.0 -1.0 -1.0 34.0 -1.0 -1.0 36.0 42.0 -1.0 -1.0 -1.0 26.0 -1.0 -1.0 
45.0 18.0 -1.0 -1.0 32.0 -1.0 -1.0 -1.0 -1.0 44.0 50.0 -1.0 -1.0 10.0 46.0 
50.0 26.0 38.0 50.0 -1.0 18.0 36.0 -1.0 34.0 20.0 22.0 -1.0 -1.0 46.0 -1.0 
-1.0 -1.0 15.0 24.0 43.0 23.0 -1.0 -1.0 -1.0 33.0 11.0 -1.0 37.0 44.0 42.0 
-1.0 47.0 24.0 -1.0 -1.0 23.0 47.0 49.0 -1.0 34.0 46.0 44.0 22.0 -1.0 27.0 
-1.0 23.0 35.0 37.0 36.0 -1.0 32.0 -1.0 -1.0 19.0 -1.0 40.0 14.0 -1.0 40.0 
48.0 21.0 -1.0 19.0 -1.0 17.0 -1.0 35.0 -1.0 -1.0 -1.0 -1.0 -1.0 -1.0 18.0 
-1.0 34.0 -1.0 41.0 41.0 -1.0 31.0 -1.0 47.0 -1.0 -1.0 37.0 -1.0 44.0 -1.0 
28.0 23.0 -1.0 -1.0 48.0 -1.0 16.0 28.0 -1.0 19.0 -1.0 47.0 22.0 -1.0 -1.0 
18.0 -1.0 -1.0 -1.0 -1.0 -1.0 -1.0 25.0 13.0 38.0 13.0 20.0 -1.0 -1.0 32.0 
-1.0 -1.0 11.0 36.0 -1.0 -1.0 -1.0 48.0 -1.0 -1.0 38.0 -1.0 33.0 39.0 -1.0 
-1.0 47.0 28.0 -1.0 33.0 -1.0 19.0 -1.0 -1.0 27.0 22.0 -1.0 44.0 47.0 34.0 
39.0 -1.0 -1.0 -1.0 30.0 35.0 -1.0 -1.0 50.0 37.0 -1.0 -1.0 -1.0 34.0 37.0 
10.0 34.0 -1.0 26.0 40.0 -1.0 42.0 -1.0 -1.0 30.0 -1.0 10.0 -1.0 -1.0 -1.0 
47.0 -1.0 -1.0 -1.0 16.0 -1.0 -1.0 15.0 -1.0 -1.0 26.0 -1.0 -1.0 30.0 -1.0 
-1.0 -1.0 -1.0 -1.0 -1.0 -1.0 -1.0 22.0 -1.0 11.0 -1.0 14.0 40.0 -1.0 -1.0 
29.0 42.0 -1.0 28.0 50.0 15.0 -1.0 44.0 41.0 -1.0 19.0 -1.0 32.0 36.0 -1.0 
47.0 -1.0 47.0 -1.0 -1.0 47.0 -1.0 -1.0 -1.0 19.0 -1.0 -1.0 -1.0 31.0 -1.0 
15.0 10.0 37.0 -1.0 21.0 31.0 -1.0 29.0 -1.0 35.0 15.0 36.0 -1.0 48.0 -1.0 
31.0 -1.0 -1.0 42.0 -1.0 -1.0 32.0 -1.0 28.0 -1.0 -1.0 -1.0 -1.0 41.0 41.0 
-1.0 33.0 33.0 50.0 -1.0 19.0 -1.0 -1.0 -1.0 20.0 18.0 12.0 -1.0 50.0 35.0 
-1.0 -1.0 -1.0 -1.0 -1.0 -1.0 42.0 -1.0 -1.0 10.0 19.0 -1.0 44.0 -1.0 -1.0 
-1.0 -1.0 10.0 -1.0 -1.0 14.0 -1.0 30.0 -1.0 -1.0 -1.0 34.0 -1.0 23.0 -1.0 
-1.0 -1.0 -1.0 49.0 -1.0 44.0 -1.0 45.0 11.0 37.0 37.0 49.0 23.0 48.0 -1.0 
38.0 -1.0 -1.0 45.0 -1.0 27.0 -1.0 30.0 28.0 29.0 -1.0 11.0 21.0 -1.0 46.0 
40.0 -1.0 25.0 -1.0 36.0 41.0 27.0 30.0 49.0 -1.0 -1.0 13.0 41.0 -1.0 23.0 
-1.0 -1.0 -1.0 35.0 21.0 -1.0 -1.0 -1.0 -1.0 17.0 -1.0 48.0 44.0 -1.0 28.0 
25.0 -1.0 -1.0 32.0 -1.0 -1.0 27.0 -1.0 34.0 -1.0 -1.0 42.0 -1.0 -1.0 -1.0 
-1.0 38.0 -1.0 -1.0 -1.0 -1.0 -1.0 32.0 -1.0 13.0 34.0 12.0 11.0 31.0 44.0 
-1.0 36.0 -1.0 -1.0 -1.0 -1.0 29.0 -1.0 18.0 -1.0 13.0 20.0 -1.0 -1.0 29.0 
50.0 -1.0 10.0 -1.0 -1.0 -1.0 -1.0 31.0 15.0 26.0 33.0 -1.0 -1.0 -1.0 47.0 
32.0 -1.0 -1.0 27.0 -1.0 -1.0 -1.0 35.0 -1.0 -1.0 -1.0 50.0 -1.0 -1.0 -1.0 
12.0 -1.0 -1.0 -1.0 -1.0 43.0 41.0 36.0 -1.0 -1.0 47.0 -1.0 -1.0 -1.0 -1.0 
50.0 48.0 28.0 -1.0 23.0 -1.0 -1.0 45.0 -1.0 -1.0 38.0 -1.0 -1.0 -1.0 40.0 
31.0 39.0 22.0 -1.0 -1.0 -1.0 22.0 26.0 49.0 -1.0 -1.0 24.0 13.0 -1.0 27.0 
-1.0 36.0 -1.0 43.0 31.0 28.0 -1.0 -1.0 -1.0 16.0 -1.0 49.0 -1.0 -1.0 39.0 
46.0 34.0 -1.0 27.0 31.0 45.0 10.0 27.0 31.0 41.0 21.0 -1.0 -1.0 -1.0 -1.0 
44.0 -1.0 30.0 -1.0 -1.0 38.0 43.0 -1.0 -1.0 -1.0 -1.0 -1.0 -1.0 -1.0 -1.0 
42.0 -1.0 45.0 42.0 12.0 -1.0 33.0 -1.0 -1.0 -1.0 29.0 37.0 41.0 -1.0 24.0 
-1.0 14.0 -1.0 -1.0 -1.0 48.0 15.0 46.0 47.0 12.0 -1.0 -1.0 -1.0 35.0 10.0 
-1.0 -1.0 49.0 -1.0 -1.0 -1.0 33.0 23.0 -1.0 -1.0 39.0 -1.0 -1.0 -1.0 -1.0 
-1.0 -1.0 -1.0 -1.0 31.0 47.0 -1.0 44.0 -1.0 -1.0 33.0 18.0 40.0 34.0 -1.0 
26.0 45.0 12.0 26.0 35.0 -1.0 -1.0 -1.0 45.0 -1.0 35.0 -1.0 40.0 14.0 34.0 
-1.0 -1.0 29.0 -1.0 48.0 -1.0 46.0 -1.0 -1.0 -1.0 43.0 -1.0 -1.0 -1.0 25.0 
40.0 28.0 37.0 -1.0 -1.0 -1.0 -1.0 41.0 30.0 -1.0 -1.0 -1.0 -1.0 49.0 37.0 
33.0 29.0 28.0 -1.0 28.0 21.0 20.0 -1.0 28.0 -1.0 42.0 -1.0 18.0 -1.0 -1.0 
13.0 48.0 -1.0 40.0 12.0 26.0 -1.0 33.0 -1.0 -1.0 -1.0 -1.0 -1.0 47.0 40.0 
22.0 -1.0 36.0 49.0 13.0 -1.0 40.0 -1.0 26.0 -1.0 -1.0 18.0 47.0 10.0 -1.0 
-1.0 -1.0 43.0 -1.0 -1.0 47.0 -1.0 -1.0 -1.0 -1.0 14.0 -1.0 -1.0 -1.0 12.0 
19.0 21.0 27.0 17.0 -1.0 41.0 34.0 -1.0 -1.0 31.0 -1.0 -1.0 50.0 -1.0 -1.0 
47.0 -1.0 -1.0 -1.0 -1.0 -1.0 -1.0 38.0 10.0 -1.0 18.0 18.0 47.0 15.0 11.0 
-1.0 -1.0 22.0 -1.0 16.0 -1.0 43.0 -1.0 -1.0 10.0 -1.0 14.0 40.0 49.0 44.0 
11.0 -1.0 -1.0 -1.0 -1.0 25.0 22.0 43.0 -1.0 -1.0 32.0 -1.0 -1.0 -1.0 -1.0 
32.0 44.0 -1.0 -1.0 49.0 -1.0 -1.0 38.0 11.0 -1.0 18.0 27.0 -1.0 12.0 22.0 
-1.0 -1.0 31.0 46.0 -1.0 35.0 -1.0 -1.0 -1.0 -1.0 -1.0 44.0 -1.0 -1.0 -1.0 
-1.0 -1.0 -1.0 37.0 -1.0 41.0 -1.0 35.0 -1.0 -1.0 30.0 13.0 -1.0 -1.0 13.0 
-1.0 -1.0 -1.0 16.0 -1.0 -1.0 27.0 31.0 -1.0 -1.0 -1.0 22.0 -1.0 -1.0 -1.0 
26.0 -1.0 42.0 27.0 28.0 -1.0 46.0 -1.0 -1.0 -1.0 32.0 42.0 -1.0 24.0 -1.0 
-1.0 -1.0 -1.0 20.0 -1.0 36.0 26.0 -1.0 -1.0 -1.0 43.0 -1.0 -1.0 -1.0 -1.0 
43.0 38.0 -1.0 -1.0 -1.0 34.0 40.0 31.0 34.0 10.0 26.0 40.0 -1.0 -1.0 12.0 
-1.0 -1.0 15.0 -1.0 -1.0 -1.0 12.0 -1.0 -1.0 -1.0 49.0 -1.0 16.0 -1.0 -1.0 
-1.0 -1.0 13.0 -1.0 39.0 47.0 13.0 -1.0 37.0 40.0 23.0 27.0 -1.0 29.0 -1.0 
-1.0 -1.0 -1.0 15.0 26.0 -1.0 47.0 47.0 16.0 -1.0 21.0 11.0 16.0 43.0 20.0 
-1.0 -1.0 -1.0 39.0 -1.0 -1.0 -1.0 -1.0 -1.0 25.0 34.0 50.0 36.0 -1.0 -1.0 
20.0 14.0 -1.0 -1.0 -1.0 33.0 49.0 31.0 -1.0 39.0 -1.0 45.0 12.0 -1.0 31.0 
-1.0 -1.0 -1.0 48.0 43.0 37.0 26.0 32.0 15.0 -1.0 -1.0 -1.0 -1.0 -1.0 32.0 
-1.0 -1.0 47.0 29.0 -1.0 -1.0 49.0 46.0 49.0 -1.0 33.0 25.0 -1.0 -1.0 28.0 
-1.0 -1.0 47.0 -1.0 13.0 41.0 -1.0 23.0 45.0 25.0 23.0 -1.0 36.0 31.0 -1.0 
-1.0 -1.0 18.0 45.0 30.0 -1.0 -1.0 -1.0 46.0 -1.0 -1.0 -1.0 30.0 -1.0 -1.0 
-1.0 -1.0 -1.0 -1.0 20.0 44.0 39.0 -1.0 14.0 23.0 -1.0 -1.0 11.0 20.0 -1.0 
48.0 -1.0 -1.0 -1.0 33.0 13.0 -1.0 -1.0 10.0 -1.0 14.0 27.0 24.0 -1.0 -1.0 
-1.0 12.0 40.0 16.0 22.0 -1.0 33.0 -1.0 -1.0 24.0 -1.0 -1.0 37.0 10.0 -1.0 
-1.0 -1.0 -1.0 -1.0 -1.0 19.0 47.0 -1.0 -1.0 20.0 50.0 -1.0 -1.0 -1.0 -1.0 
36.0 34.0 -1.0 30.0 -1.0 -1.0 -1.0 30.0 -1.0 27.0 -1.0 -1.0 29.0 47.0 -1.0 
29.0 31.0 -1.0 25.0 -1.0 50.0 47.0 -1.0 -1.0 -1.0 -1.0 33.0 -1.0 -1.0 19.0 
-1.0 -1.0 -1.0 -1.0 13.0 29.0 -1.0 13.0 15.0 17.0 -1.0 41.0 34.0 34.0 -1.0 
-1.0 -1.0 11.0 42.0 -1.0 35.0 33.0 40.0 -1.0 -1.0 -1.0 15.0 29.0 41.0 25.0 
-1.0 22.0 17.0 -1.0 -1.0 30.0 -1.0 34.0 13.0 -1.0 24.0 -1.0 37.0 -1.0 30.0 
-1.0 27.0 -1.0 -1.0 14.0 -1.0 14.0 -1.0 -1.0 -1.0 -1.0 -1.0 -1.0 29.0 -1.0 
-1.0 -1.0 42.0 42.0 -1.0 39.0 -1.0 -1.0 -1.0 12.0 -1.0 -1.0 28.0 -1.0 -1.0 
21.0 28.0 -1.0 26.0 -1.0 17.0 50.0 -1.0 -1.0 -1.0 10.0 29.0 -1.0 33.0 -1.0 
-1.0 31.0 34.0 36.0 -1.0 45.0 42.0 34.0 35.0 -1.0 18.0 28.0 -1.0 -1.0 14.0 
36.0 48.0 -1.0 -1.0 16.0 41.0 -1.0 10.0 -1.0 -1.0 39.0 27.0 -1.0 10.0 -1.0 
31.0 15.0 38.0 22.0 16.0 -1.0 18.0 -1.0 25.0 46.0 -1.0 29.0 -1.0 22.0 -1.0 
-1.0 -1.0 25.0 47.0 23.0 38.0 27.0 -1.0 -1.0 42.0 -1.0 -1.0 -1.0 -1.0 -1.0 
-1.0 30.0 41.0 -1.0 -1.0 -1.0 19.0 -1.0 -1.0 -1.0 -1.0 -1.0 36.0 49.0 -1.0 
40.0 36.0 35.0 37.0 -1.0 10.0 -1.0 -1.0 10.0 48.0 -1.0 16.0 40.0 19.0 -1.0 
-1.0 -1.0 -1.0 -1.0 35.0 -1.0 -1.0 -1.0 23.0 26.0 -1.0 -1.0 31.0 -1.0 27.0 
37.0 -1.0 -1.0 13.0 -1.0 -1.0 -1.0 38.0 15.0 37.0 -1.0 -1.0 -1.0 -1.0 35.0 
-1.0 -1.0 39.0 23.0 -1.0 -1.0 -1.0 -1.0 -1.0 -1.0 -1.0 -1.0 -1.0 10.0 15.0 
-1.0 -1.0 27.0 45.0 -1.0 -1.0 -1.0 -1.0 -1.0 -1.0 -1.0 -1.0 23.0 -1.0 44.0 
17.0 -1.0 -1.0 30.0 -1.0 -1.0 13.0 -1.0 -1.0 -1.0 -1.0 40.0 -1.0 26.0 -1.0 
-1.0 -1.0 -1.0 -1.0 -1.0 23.0 41.0 19.0 -1.0 36.0 -1.0 -1.0 39.0 24.0 -1.0 
-1.0 -1.0 13.0 -1.0 41.0 -1.0 12.0 -1.0 -1.0 -1.0 -1.0 -1.0 -1.0 15.0 -1.0 
-1.0 -1.0 50.0 -1.0 -1.0 28.0 40.0 -1.0 -1.0 -1.0 14.0 -1.0 -1.0 -1.0 -1.0 
-1.0 34.0 35.0 -1.0 -1.0 -1.0 -1.0 -1.0 -1.0 35.0 -1.0 21.0 -1.0 -1.0 -1.0 
-1.0 31.0 45.0 -1.0 -1.0 35.0 20.0 44.0 41.0 -1.0 18.0 24.0 21.0 -1.0 24.0 
-1.0 -1.0 -1.0 19.0 -1.0 35.0 -1.0 -1.0 -1.0 21.0 -1.0 -1.0 49.0 -1.0 -1.0 
-1.0 -1.0 -1.0 15.0 13.0 18.0 -1.0 -1.0 20.0 21.0 -1.0 -1.0 16.0 34.0 31.0 
-1.0 -1.0 -1.0 -1.0 17.0 -1.0 -1.0 -1.0 -1.0 17.0 19.0 -1.0 16.0 29.0 -1.0 
12.0 -1.0 -1.0 -1.0 46.0 24.0 34.0 31.0 32.0 -1.0 -1.0 -1.0 -1.0 14.0 -1.0 
-1.0 10.0 -1.0 22.0 32.0 49.0 49.0 -1.0 -1.0 42.0 19.0 15.0 12.0 35.0 -1.0 
-1.0 -1.0 15.0 -1.0 39.0 33.0 -1.0 -1.0 44.0 -1.0 -1.0 -1.0 -1.0 -1.0 -1.0 
38.0 41.0 19.0 32.0 -1.0 -1.0 30.0 -1.0 -1.0 20.0 29.0 -1.0 -1.0 36.0 11.0 
-1.0 -1.0 -1.0 10.0 -1.0 18.0 -1.0 44.0 -1.0 34.0 -1.0 -1.0 44.0 -1.0 16.0 
-1.0 -1.0 -1.0 29.0 -1.0 47.0 25.0 28.0 -1.0 -1.0 -1.0 -1.0 -1.0 -1.0 26.0 
32.0 -1.0 23.0 -1.0 27.0 -1.0 28.0 -1.0 43.0 20.0 -1.0 30.0 33.0 40.0 50.0 
-1.0 31.0 -1.0 26.0 -1.0 40.0 18.0 -1.0 14.0 43.0 20.0 41.0 -1.0 20.0 20.0 
-1.0 -1.0 -1.0 -1.0 46.0 -1.0 -1.0 26.0 -1.0 36.0 -1.0 -1.0 32.0 21.0 -1.0 
30.0 17.0 22.0 -1.0 48.0 -1.0 -1.0 -1.0 -1.0 -1.0 -1.0 -1.0 23.0 22.0 12.0 
37.0 -1.0 -1.0 24.0 42.0 -1.0 -1.0 -1.0 24.0 33.0 43.0 36.0 -1.0 -1.0 18.0 
41.0 49.0 -1.0 -1.0 46.0 -1.0 -1.0 -1.0 10.0 16.0 -1.0 13.0 20.0 14.0 39.0 
-1.0 23.0 37.0 48.0 40.0 -1.0 41.0 -1.0 22.0 -1.0 -1.0 24.0 18.0 35.0 25.0 
33.0 -1.0 29.0 -1.0 -1.0 -1.0 -1.0 41.0 37.0 -1.0 42.0 -1.0 -1.0 -1.0 -1.0 
-1.0 -1.0 -1.0 39.0 49.0 -1.0 16.0 -1.0 -1.0 -1.0 44.0 -1.0 -1.0 -1.0 -1.0 
-1.0 39.0 -1.0 -1.0 19.0 -1.0 -1.0 -1.0 -1.0 -1.0 -1.0 21.0 50.0 -1.0 -1.0 
44.0 31.0 -1.0 -1.0 32.0 17.0 -1.0 -1.0 29.0 35.0 29.0 50.0 -1.0 21.0 -1.0 
-1.0 33.0 -1.0 23.0 35.0 -1.0 28.0 25.0 -1.0 28.0 17.0 14.0 30.0 -1.0 -1.0 
-1.0 -1.0 27.0 -1.0 -1.0 -1.0 -1.0 13.0 25.0 26.0 22.0 -1.0 16.0 -1.0 18.0 
38.0 -1.0 26.0 -1.0 10.0 -1.0 -1.0 46.0 -1.0 -1.0 13.0 -1.0 17.0 -1.0 14.0 
15.0 -1.0 -1.0 40.0 -1.0 24.0 -1.0 47.0 39.0 36.0 35.0 -1.0 45.0 27.0 14.0 
13.0 35.0 17.0 -1.0 15.0 17.0 16.0 18.0 -1.0 29.0 43.0 23.0 -1.0 -1.0 -1.0 
39.0 32.0 -1.0 -1.0 -1.0 -1.0 -1.0 -1.0 -1.0 45.0 -1.0 -1.0 -1.0 -1.0 26.0 
46.0 -1.0 -1.0 -1.0 15.0 38.0 49.0 -1.0 23.0 34.0 -1.0 14.0 14.0 -1.0 26.0 
17.0 33.0 25.0 -1.0 -1.0 19.0 -1.0 -1.0 10.0 -1.0 -1.0 -1.0 37.0 27.0 -1.0 
-1.0 16.0 43.0 39.0 -1.0 28.0 15.0 -1.0 27.0 15.0 33.0 -1.0 23.0 -1.0 40.0 
47.0 -1.0 -1.0 -1.0 -1.0 47.0 -1.0 -1.0 -1.0 -1.0 49.0 17.0 10.0 16.0 30.0 
17.0 -1.0 30.0 -1.0 36.0 17.0 42.0 -1.0 44.0 -1.0 23.0 23.0 11.0 -1.0 -1.0 
-1.0 -1.0 -1.0 18.0 -1.0 -1.0 40.0 -1.0 11.0 -1.0 -1.0 -1.0 35.0 47.0 31.0 
-1.0 16.0 -1.0 -1.0 -1.0 39.0 -1.0 16.0 -1.0 -1.0 40.0 -1.0 -1.0 -1.0 -1.0 
-1.0 38.0 -1.0 -1.0 -1.0 -1.0 -1.0 -1.0 -1.0 44.0 -1.0 27.0 29.0 37.0 -1.0 
35.0 35.0 -1.0 -1.0 -1.0 -1.0 -1.0 19.0 50.0 -1.0 -1.0 26.0 -1.0 -1.0 -1.0 
44.0 50.0 21.0 -1.0 34.0 47.0 -1.0 -1.0 19.0 -1.0 -1.0 -1.0 50.0 31.0 19.0 
45.0 -1.0 -1.0 43.0 -1.0 12.0 -1.0 -1.0 34.0 -1.0 -1.0 -1.0 -1.0 14.0 20.0 
-1.0 34.0 -1.0 11.0 15.0 27.0 43.0 -1.0 -1.0 17.0 -1.0 -1.0 -1.0 -1.0 45.0 
-1.0 15.0 46.0 -1.0 -1.0 23.0 19.0 33.0 -1.0 -1.0 -1.0 -1.0 -1.0 -1.0 -1.0 
13.0 31.0 11.0 15.0 -1.0 30.0 33.0 -1.0 22.0 -1.0 -1.0 -1.0 -1.0 30.0 -1.0 
34.0 11.0 26.0 40.0 26.0 -1.0 -1.0 -1.0 47.0 -1.0 -1.0 -1.0 -1.0 -1.0 36.0 
-1.0 -1.0 43.0 22.0 28.0 11.0 41.0 -1.0 -1.0 13.0 34.0 23.0 29.0 24.0 -1.0 
40.0 -1.0 -1.0 -1.0 18.0 -1.0 43.0 17.0 23.0 20.0 37.0 -1.0 23.0 38.0 34.0 
-1.0 -1.0 39.0 -1.0 -1.0 35.0 37.0 19.0 30.0 -1.0 41.0 42.0 39.0 15.0 38.0 
32.0 -1.0 16.0 -1.0 27.0 12.0 -1.0 21.0 41.0 19.0 47.0 42.0 25.0 -1.0 -1.0 
-1.0 11.0 -1.0 -1.0 21.0 38.0 -1.0 -1.0 34.0 -1.0 45.0 13.0 42.0 18.0 -1.0 
36.0 -1.0 -1.0 -1.0 -1.0 16.0 -1.0 38.0 -1.0 -1.0 -1.0 50.0 -1.0 -1.0 47.0 
45.0 33.0 -1.0 16.0 32.0 -1.0 28.0 35.0 22.0 -1.0 -1.0 18.0 26.0 -1.0 -1.0 
-1.0 32.0 -1.0 -1.0 38.0 47.0 -1.0 -1.0 -1.0 16.0 -1.0 -1.0 -1.0 -1.0 -1.0 
-1.0 23.0 -1.0 -1.0 45.0 49.0 -1.0 41.0 -1.0 -1.0 -1.0 -1.0 -1.0 26.0 22.0 
36.0 -1.0 19.0 -1.0 -1.0 26.0 -1.0 35.0 -1.0 -1.0 -1.0 14.0 -1.0 -1.0 -1.0 
-1.0 -1.0 14.0 49.0 -1.0 -1.0 37.0 27.0 -1.0 -1.0 13.0 30.0 21.0 12.0 31.0 
-1.0 -1.0 -1.0 -1.0 -1.0 -1.0 21.0 48.0 -1.0 -1.0 -1.0 34.0 -1.0 -1.0 12.0 
-1.0 14.0 45.0 -1.0 -1.0 28.0 22.0 -1.0 28.0 -1.0 31.0 25.0 -1.0 -1.0 41.0 
-1.0 -1.0 19.0 16.0 50.0 -1.0 -1.0 18.0 -1.0 -1.0 -1.0 -1.0 -1.0 11.0 21.0 
-1.0 20.0 -1.0 -1.0 -1.0 31.0 38.0 13.0 42.0 38.0 -1.0 42.0 42.0 17.0 40.0 
35.0 32.0 10.0 -1.0 -1.0 30.0 -1.0 44.0 29.0 -1.0 -1.0 15.0 16.0 -1.0 -1.0 
25.0 -1.0 -1.0 -1.0 -1.0 -1.0 42.0 38.0 17.0 16.0 26.0 43.0 38.0 44.0 -1.0 
14.0 -1.0 -1.0 -1.0 23.0 -1.0 -1.0 29.0 -1.0 -1.0 -1.0 -1.0 -1.0 35.0 -1.0 
44.0 -1.0 45.0 14.0 28.0 29.0 46.0 -1.0 -1.0 45.0 43.0 30.0 17.0 -1.0 -1.0 
-1.0 30.0 -1.0 18.0 -1.0 38.0 -1.0 -1.0 -1.0 43.0 45.0 23.0 -1.0 -1.0 40.0 
-1.0 33.0 35.0 -1.0 -1.0 -1.0 -1.0 28.0 -1.0 -1.0 23.0 30.0 -1.0 -1.0 46.0 
23.0 44.0 -1.0 -1.0 -1.0 45.0 26.0 -1.0 -1.0 28.0 30.0 49.0 24.0 16.0 -1.0 
16.0 29.0 -1.0 -1.0 -1.0 -1.0 -1.0 20.0 -1.0 37.0 -1.0 -1.0 49.0 35.0 -1.0 
22.0 -1.0 46.0 24.0 -1.0 24.0 -1.0 -1.0 39.0 -1.0 -1.0 26.0 29.0 -1.0 -1.0 
-1.0 31.0 43.0 22.0 -1.0 19.0 35.0 46.0 -1.0 13.0 43.0 -1.0 43.0 17.0 -1.0 
33.0 -1.0 -1.0 30.0 32.0 38.0 -1.0 31.0 18.0 -1.0 -1.0 -1.0 42.0 33.0 26.0 
-1.0 -1.0 -1.0 -1.0 -1.0 46.0 -1.0 34.0 44.0 -1.0 -1.0 -1.0 35.0 20.0 28.0 
-1.0 -1.0 -1.0 30.0 -1.0 -1.0 -1.0 37.0 -1.0 16.0 -1.0 29.0 44.0 -1.0 -1.0 
-1.0 45.0 -1.0 10.0 32.0 36.0 -1.0 -1.0 -1.0 -1.0 42.0 -1.0 34.0 32.0 36.0 
36.0 -1.0 -1.0 14.0 -1.0 31.0 -1.0 43.0 -1.0 18.0 -1.0 38.0 -1.0 24.0 -1.0 
-1.0 -1.0 -1.0 -1.0 36.0 43.0 -1.0 24.0 -1.0 19.0 25.0 17.0 -1.0 -1.0 -1.0 
33.0 -1.0 -1.0 -1.0 -1.0 -1.0 17.0 -1.0 20.0 42.0 41.0 -1.0 -1.0 -1.0 -1.0 
36.0 34.0 -1.0 -1.0 41.0 -1.0 40.0 -1.0 -1.0 -1.0 -1.0 13.0 -1.0 -1.0 -1.0 
20.0 31.0 -1.0 -1.0 13.0 30.0 13.0 -1.0 42.0 -1.0 16.0 -1.0 -1.0 36.0 -1.0 
-1.0 -1.0 29.0 -1.0 10.0 35.0 28.0 -1.0 -1.0 -1.0 -1.0 -1.0 -1.0 -1.0 -1.0 
-1.0 -1.0 44.0 -1.0 39.0 18.0 43.0 -1.0 -1.0 -1.0 24.0 10.0 33.0 16.0 22.0 
14.0 -1.0 20.0 14.0 29.0 -1.0 32.0 -1.0 -1.0 37.0 12.0 -1.0 28.0 29.0 -1.0 
21.0 26.0 -1.0 46.0 27.0 42.0 -1.0 -1.0 50.0 -1.0 -1.0 -1.0 -1.0 18.0 25.0 
-1.0 42.0 14.0 -1.0 25.0 -1.0 -1.0 -1.0 19.0 -1.0 -1.0 -1.0 -1.0 -1.0 49.0 
18.0 23.0 -1.0 -1.0 -1.0 18.0 18.0 -1.0 -1.0 -1.0 -1.0 11.0 -1.0 -1.0 22.0 
-1.0 10.0 -1.0 36.0 -1.0 -1.0 -1.0 24.0 -1.0 -1.0 -1.0 -1.0 11.0 -1.0 34.0 
-1.0 43.0 -1.0 -1.0 50.0 -1.0 -1.0 -1.0 -1.0 11.0 -1.0 -1.0 16.0 31.0 -1.0 
-1.0 22.0 50.0 -1.0 19.0 22.0 45.0 -1.0 -1.0 45.0 27.0 -1.0 -1.0 16.0 22.0 
45.0 24.0 13.0 -1.0 -1.0 33.0 25.0 20.0 -1.0 12.0 -1.0 -1.0 35.0 12.0 -1.0 
-1.0 -1.0 29.0 -1.0 49.0 -1.0 47.0 32.0 -1.0 17.0 49.0 16.0 16.0 15.0 43.0 
23.0 28.0 -1.0 -1.0 -1.0 20.0 -1.0 -1.0 25.0 -1.0 -1.0 19.0 24.0 48.0 18.0 
-1.0 -1.0 -1.0 45.0 31.0 -1.0 -1.0 19.0 -1.0 -1.0 14.0 -1.0 -1.0 -1.0 -1.0 
38.0 11.0 14.0 -1.0 -1.0 24.0 34.0 -1.0 13.0 22.0 -1.0 -1.0 -1.0 44.0 -1.0 
-1.0 46.0 -1.0 14.0 -1.0 -1.0 -1.0 -1.0 27.0 -1.0 -1.0 -1.0 28.0 -1.0 -1.0 
44.0 24.0 -1.0 -1.0 46.0 -1.0 -1.0 -1.0 -1.0 -1.0 -1.0 30.0 40.0 -1.0 -1.0 
48.0 -1.0 -1.0 -1.0 -1.0 45.0 45.0 -1.0 47.0 35.0 49.0 17.0 32.0 -1.0 -1.0 
-1.0 44.0 -1.0 -1.0 14.0 19.0 45.0 22.0 -1.0 -1.0 -1.0 -1.0 22.0 -1.0 19.0 
13.0 29.0 -1.0 -1.0 19.0 20.0 -1.0 10.0 14.0 36.0 21.0 14.0 -1.0 -1.0 44.0 
-1.0 27.0 -1.0 25.0 -1.0 -1.0 41.0 10.0 -1.0 25.0 -1.0 -1.0 -1.0 -1.0 31.0 
28.0 -1.0 -1.0 47.0 34.0 -1.0 -1.0 -1.0 45.0 -1.0 -1.0 25.0 -1.0 -1.0 36.0 
16.0 50.0 -1.0 -1.0 49.0 13.0 -1.0 49.0 35.0 -1.0 -1.0 -1.0 -1.0 13.0 -1.0 
29.0 -1.0 45.0 -1.0 -1.0 -1.0 48.0 40.0 -1.0 -1.0 -1.0 -1.0 32.0 23.0 -1.0 
-1.0 18.0 28.0 -1.0 -1.0 -1.0 48.0 23.0 -1.0 -1.0 45.0 -1.0 -1.0 -1.0 -1.0 
45.0 -1.0 21.0 -1.0 -1.0 50.0 -1.0 50.0 -1.0 -1.0 13.0 -1.0 -1.0 -1.0 36.0 
-1.0 11.0 -1.0 -1.0 -1.0 -1.0 26.0 15.0 -1.0 -1.0 -1.0 49.0 -1.0 -1.0 -1.0 
-1.0 -1.0 -1.0 -1.0 14.0 22.0 15.0 -1.0 50.0 23.0 -1.0 -1.0 -1.0 -1.0 -1.0 
44.0 -1.0 22.0 36.0 -1.0 25.0 36.0 23.0 -1.0 -1.0 18.0 -1.0 24.0 27.0 24.0 
-1.0 -1.0 -1.0 -1.0 -1.0 47.0 12.0 28.0 10.0 -1.0 -1.0 -1.0 36.0 10.0 23.0 
31.0 20.0 -1.0 -1.0 27.0 -1.0 41.0 45.0 -1.0 -1.0 28.0 -1.0 -1.0 31.0 -1.0 
-1.0 36.0 -1.0 24.0 -1.0 13.0 39.0 40.0 -1.0 -1.0 -1.0 -1.0 -1.0 -1.0 -1.0 
34.0 -1.0 33.0 -1.0 -1.0 44.0 -1.0 48.0 -1.0 -1.0 25.0 16.0 39.0 -1.0 34.0 
-1.0 -1.0 25.0 -1.0 49.0 -1.0 19.0 -1.0 36.0 21.0 18.0 32.0 14.0 22.0 50.0 
49.0 12.0 -1.0 -1.0 43.0 38.0 -1.0 -1.0 45.0 20.0 23.0 36.0 -1.0 21.0 -1.0 
23.0 -1.0 -1.0 -1.0 -1.0 16.0 49.0 29.0 -1.0 -1.0 -1.0 -1.0 -1.0 -1.0 -1.0 
22.0 -1.0 31.0 -1.0 21.0 -1.0 28.0 -1.0 31.0 48.0 -1.0 14.0 28.0 37.0 33.0 
-1.0 -1.0 -1.0 49.0 10.0 14.0 44.0 -1.0 -1.0 -1.0 31.0 -1.0 -1.0 15.0 -1.0 
-1.0 -1.0 -1.0 22.0 -1.0 30.0 -1.0 33.0 -1.0 -1.0 41.0 36.0 36.0 46.0 -1.0 
-1.0 -1.0 -1.0 -1.0 19.0 -1.0 -1.0 35.0 -1.0 -1.0 32.0 18.0 40.0 -1.0 -1.0 
42.0 44.0 -1.0 -1.0 17.0 45.0 38.0 38.0 -1.0 21.0 42.0 34.0 39.0 -1.0 -1.0 
12.0 28.0 46.0 13.0 37.0 -1.0 -1.0 20.0 15.0 -1.0 36.0 -1.0 39.0 -1.0 32.0 
10.0 41.0 18.0 -1.0 -1.0 38.0 -1.0 -1.0 -1.0 -1.0 -1.0 -1.0 -1.0 -1.0 -1.0 
-1.0 10.0 -1.0 -1.0 -1.0 -1.0 -1.0 -1.0 39.0 -1.0 -1.0 49.0 12.0 -1.0 -1.0 
11.0 37.0 -1.0 -1.0 -1.0 22.0 13.0 -1.0 47.0 -1.0 -1.0 48.0 -1.0 11.0 -1.0 
-1.0 46.0 15.0 17.0 26.0 -1.0 23.0 -1.0 45.0 -1.0 -1.0 49.0 45.0 10.0 16.0 
-1.0 -1.0 15.0 33.0 -1.0 -1.0 -1.0 22.0 -1.0 -1.0 -1.0 30.0 40.0 -1.0 -1.0 
-1.0 -1.0 -1.0 -1.0 48.0 -1.0 42.0 -1.0 -1.0 -1.0 29.0 -1.0 -1.0 30.0 -1.0 
32.0 -1.0 -1.0 -1.0 -1.0 13.0 44.0 29.0 -1.0 37.0 -1.0 -1.0 -1.0 10.0 11.0 
-1.0 37.0 -1.0 31.0 -1.0 -1.0 -1.0 -1.0 14.0 -1.0 -1.0 -1.0 -1.0 -1.0 21.0 
-1.0 36.0 31.0 -1.0 -1.0 31.0 -1.0 23.0 -1.0 -1.0 -1.0 28.0 50.0 25.0 -1.0 
42.0 -1.0 -1.0 28.0 -1.0 39.0 32.0 -1.0 28.0 -1.0 13.0 -1.0 -1.0 -1.0 -1.0 
-1.0 -1.0 20.0 17.0 -1.0 -1.0 -1.0 -1.0 -1.0 -1.0 46.0 -1.0 40.0 -1.0 -1.0 
-1.0 -1.0 22.0 16.0 -1.0 -1.0 37.0 20.0 -1.0 22.0 -1.0 -1.0 19.0 16.0 -1.0 
-1.0 -1.0 30.0 -1.0 35.0 38.0 15.0 -1.0 -1.0 24.0 -1.0 25.0 42.0 -1.0 17.0 
-1.0 43.0 -1.0 -1.0 15.0 -1.0 -1.0 -1.0 46.0 47.0 37.0 24.0 23.0 -1.0 -1.0 
47.0 10.0 -1.0 13.0 25.0 -1.0 -1.0 42.0 49.0 42.0 33.0 -1.0 -1.0 -1.0 31.0 
-1.0 -1.0 -1.0 -1.0 -1.0 -1.0 38.0 -1.0 46.0 25.0 45.0 -1.0 -1.0 25.0 29.0 
-1.0 -1.0 20.0 -1.0 -1.0 -1.0 29.0 17.0 20.0 -1.0 -1.0 24.0 -1.0 40.0 -1.0 
-1.0 -1.0 -1.0 43.0 -1.0 25.0 -1.0 -1.0 -1.0 -1.0 -1.0 26.0 25.0 -1.0 -1.0 
-1.0 -1.0 -1.0 -1.0 18.0 14.0 36.0 -1.0 -1.0 10.0 23.0 48.0 39.0 29.0 39.0 
37.0 -1.0 18.0 41.0 50.0 14.0 -1.0 19.0 -1.0 -1.0 13.0 38.0 -1.0 26.0 -1.0 
13.0 15.0 -1.0 -1.0 -1.0 27.0 -1.0 -1.0 -1.0 15.0 -1.0 33.0 25.0 -1.0 43.0 
19.0 -1.0 11.0 50.0 19.0 -1.0 -1.0 10.0 -1.0 -1.0 45.0 -1.0 28.0 35.0 21.0 
-1.0 39.0 50.0 -1.0 45.0 -1.0 37.0 29.0 -1.0 46.0 -1.0 31.0 21.0 -1.0 -1.0 
34.0 -1.0 -1.0 -1.0 22.0 -1.0 -1.0 -1.0 48.0 -1.0 -1.0 24.0 -1.0 27.0 31.0 
49.0 -1.0 -1.0 47.0 -1.0 13.0 40.0 15.0 -1.0 -1.0 46.0 -1.0 -1.0 -1.0 -1.0 
38.0 47.0 -1.0 16.0 25.0 26.0 22.0 23.0 -1.0 35.0 -1.0 33.0 27.0 -1.0 -1.0 
