***n m*** 
15 18 
***h*** 
6 14 6 11 15 7 13 7 15 14 8 8 8 8 15 
***d*** 
69.15 324.19 72.1 78.24 724.86 648.47 713.92 496.97 81.76 79.08 455.33 72.73 508.84 460.37 584.19 
***M*** 
17 2 8 1 15 
16 3 10 15 6 17 18 13 1 4 
3 4 18 2 
5 2 11 17 14 7 1 
2 9 15 7 1 
14 13 9 4 3 8 16 7 17 
3 12 5 18 9 
7 2 9 13 
9 3 8 14 
15 12 11 10 13 8 7 5 2 14 
15 12 3 6 7 17 18 4 2 16 
2 12 6 17 14 15 9 
3 1 8 10 9 4 16 5 13 17 
5 7 16 11 13 2 15 1 
8 14 6 9 
12 16 7 3 8 18 5 1 6 17 
7 10 12 2 
10 9 5 7 3 17 13 2 
13 1 10 12 3 
1 9 7 10 17 
10 17 8 7 1 
6 16 14 7 
5 6 11 10 7 3 
13 14 6 17 1 7 2 18 10 12 
11 6 8 4 3 18 
10 3 7 11 2 18 6 4 15 12 
15 13 11 17 4 14 12 
4 17 14 6 13 12 5 8 
10 3 9 14 16 
16 4 2 15 17 9 1 
5 11 16 3 
4 1 14 15 5 8 9 10 
17 13 1 9 16 6 11 
11 15 9 8 16 
12 17 11 16 14 
6 7 16 4 9 15 
12 17 4 2 
15 10 8 1 18 4 
10 14 12 16 8 15 5 1 4 
7 1 4 17 8 
13 15 5 6 10 14 16 2 11 
2 10 3 18 6 1 9 13 
5 14 10 17 11 
7 12 8 14 17 
11 12 4 18 6 5 3 14 
10 16 9 14 13 1 18 4 
7 13 8 2 
6 5 16 10 11 15 12 18 14 
2 5 13 17 10 14 8 9 11 16 
5 18 4 7 1 13 14 8 9 
11 14 9 1 8 5 16 13 12 18 
9 11 4 6 
8 13 2 9 1 
6 18 11 3 
9 17 8 6 
8 18 6 7 
14 8 16 7 18 13 17 3 5 4 
9 2 15 3 16 8 18 17 10 
13 2 16 14 11 3 15 8 1 
2 8 13 5 12 15 
4 8 9 17 
8 12 17 11 10 
3 4 18 1 
14 6 9 15 12 4 
8 9 6 17 
5 15 17 7 4 13 18 14 2 
12 7 3 17 9 13 1 18 
8 5 13 18 15 14 4 16 
17 4 8 14 
1 9 2 3 7 5 11 17 18 14 
5 4 16 15 14 17 7 3 9 
8 5 6 15 11 18 12 7 14 
16 4 5 3 12 14 
4 15 7 17 8 
7 9 4 6 3 13 14 
6 14 9 16 
15 11 10 12 2 
16 11 3 9 13 15 1 5 8 4 
6 5 13 17 16 18 2 7 12 8 
5 1 2 13 18 
17 12 15 1 13 11 10 4 3 9 
3 7 9 1 10 2 16 
10 2 9 18 14 11 
18 15 13 1 5 4 3 2 
16 7 3 11 15 10 4 17 1 9 
5 2 17 4 10 8 18 1 14 
5 16 17 15 1 
13 3 8 6 
11 3 10 9 8 12 1 4 
2 3 15 4 18 8 17 16 
4 14 6 1 2 8 
6 13 9 14 8 16 4 11 7 
8 7 18 17 14 15 10 
8 2 11 9 7 
7 9 15 3 
8 6 11 18 15 2 
3 14 6 5 13 
15 5 17 18 13 4 
7 12 1 8 16 11 3 
12 16 10 2 5 7 4 9 13 14 
4 10 13 1 3 8 5 14 16 
5 15 6 9 4 2 13 8 10 18 
4 3 14 16 13 
10 16 3 18 
7 4 3 1 
15 12 18 9 2 17 
12 18 8 15 3 7 1 9 
12 15 1 8 10 16 4 14 13 5 
4 11 7 17 18 13 8 1 12 
18 4 12 13 11 15 16 2 5 
16 11 4 17 14 18 7 
3 2 18 9 1 13 14 11 
17 5 13 2 8 4 9 10 
2 10 3 18 11 16 12 4 9 14 
18 17 2 7 
5 14 11 2 4 16 1 9 
11 9 12 4 17 7 1 14 6 
10 2 4 9 15 12 1 
14 12 18 17 6 15 3 
9 5 3 14 6 2 8 7 
9 18 2 5 4 
7 18 3 12 
4 15 8 14 16 5 17 7 11 
5 10 9 8 6 4 
3 6 10 11 9 2 17 1 
15 4 17 3 7 18 2 
6 4 8 18 9 3 5 
17 3 6 11 9 4 18 13 7 8 
2 15 4 10 12 8 1 11 
1 2 5 14 11 
1 12 6 16 4 7 11 
17 7 10 11 
6 7 4 16 5 
8 4 6 9 17 12 18 
13 6 12 4 2 
16 3 8 18 6 9 5 4 15 
13 16 5 18 2 15 8 9 7 
3 9 1 8 18 13 
6 15 7 8 1 
10 3 15 7 6 2 8 11 
1 18 6 5 9 12 10 15 
12 18 17 8 5 7 11 
13 3 18 11 2 14 
11 8 4 12 10 17 3 6 5 7 
3 8 18 10 15 16 
7 18 8 14 1 17 4 10 
15 14 8 1 17 12 5 
11 2 17 18 8 
9 14 3 7 
13 15 6 7 
5 14 12 4 17 3 
16 8 9 14 
12 11 4 6 14 
1 13 2 5 7 
5 14 4 1 15 2 6 3 
***P*** 
33.0 24.0 -1.0 -1.0 -1.0 -1.0 -1.0 10.0 -1.0 -1.0 -1.0 -1.0 -1.0 -1.0 19.0 -1.0 47.0 -1.0 
42.0 -1.0 21.0 48.0 -1.0 41.0 -1.0 -1.0 -1.0 25.0 -1.0 -1.0 47.0 -1.0 36.0 11.0 47.0 36.0 
-1.0 35.0 25.0 17.0 -1.0 -1.0 -1.0 -1.0 -1.0 -1.0 -1.0 -1.0 -1.0 -1.0 -1.0 -1.0 -1.0 50.0 
21.0 13.0 -1.0 -1.0 50.0 -1.0 41.0 -1.0 -1.0 -1.0 15.0 -1.0 -1.0 30.0 -1.0 -1.0 12.0 -1.0 
46.0 27.0 -1.0 -1.0 -1.0 -1.0 39.0 -1.0 40.0 -1.0 -1.0 -1.0 -1.0 -1.0 29.0 -1.0 -1.0 -1.0 
-1.0 -1.0 30.0 18.0 -1.0 -1.0 15.0 11.0 18.0 -1.0 -1.0 -1.0 48.0 37.0 -1.0 41.0 49.0 -1.0 
-1.0 -1.0 23.0 -1.0 14.0 -1.0 -1.0 -1.0 11.0 -1.0 -1.0 48.0 -1.0 -1.0 -1.0 -1.0 -1.0 29.0 
-1.0 49.0 -1.0 -1.0 -1.0 -1.0 37.0 -1.0 18.0 -1.0 -1.0 -1.0 32.0 -1.0 -1.0 -1.0 -1.0 -1.0 
-1.0 -1.0 14.0 -1.0 -1.0 -1.0 -1.0 18.0 10.0 -1.0 -1.0 -1.0 -1.0 17.0 -1.0 -1.0 -1.0 -1.0 
-1.0 42.0 -1.0 -1.0 30.0 -1.0 17.0 38.0 -1.0 48.0 36.0 50.0 10.0 48.0 18.0 -1.0 -1.0 -1.0 
-1.0 41.0 47.0 14.0 -1.0 49.0 31.0 -1.0 -1.0 -1.0 -1.0 13.0 -1.0 -1.0 41.0 40.0 36.0 44.0 
-1.0 39.0 -1.0 -1.0 -1.0 19.0 -1.0 -1.0 12.0 -1.0 -1.0 41.0 -1.0 38.0 32.0 -1.0 14.0 -1.0 
25.0 -1.0 10.0 32.0 27.0 -1.0 -1.0 40.0 25.0 47.0 -1.0 -1.0 21.0 -1.0 -1.0 34.0 15.0 -1.0 
24.0 41.0 -1.0 -1.0 16.0 -1.0 16.0 -1.0 -1.0 -1.0 14.0 -1.0 24.0 -1.0 23.0 49.0 -1.0 -1.0 
-1.0 -1.0 -1.0 -1.0 -1.0 40.0 -1.0 18.0 36.0 -1.0 -1.0 -1.0 -1.0 38.0 -1.0 -1.0 -1.0 -1.0 
46.0 -1.0 25.0 -1.0 36.0 45.0 28.0 26.0 -1.0 -1.0 -1.0 18.0 -1.0 -1.0 -1.0 24.0 27.0 11.0 
-1.0 18.0 -1.0 -1.0 -1.0 -1.0 49.0 -1.0 -1.0 25.0 -1.0 25.0 -1.0 -1.0 -1.0 -1.0 -1.0 -1.0 
-1.0 22.0 36.0 -1.0 22.0 -1.0 12.0 -1.0 50.0 10.0 -1.0 -1.0 28.0 -1.0 -1.0 -1.0 43.0 -1.0 
47.0 -1.0 23.0 -1.0 -1.0 -1.0 -1.0 -1.0 -1.0 38.0 -1.0 47.0 14.0 -1.0 -1.0 -1.0 -1.0 -1.0 
29.0 -1.0 -1.0 -1.0 -1.0 -1.0 21.0 -1.0 38.0 38.0 -1.0 -1.0 -1.0 -1.0 -1.0 -1.0 35.0 -1.0 
23.0 -1.0 -1.0 -1.0 -1.0 -1.0 24.0 41.0 -1.0 50.0 -1.0 -1.0 -1.0 -1.0 -1.0 -1.0 50.0 -1.0 
-1.0 -1.0 -1.0 -1.0 -1.0 46.0 19.0 -1.0 -1.0 -1.0 -1.0 -1.0 -1.0 34.0 -1.0 11.0 -1.0 -1.0 
-1.0 -1.0 46.0 -1.0 45.0 23.0 24.0 -1.0 -1.0 10.0 18.0 -1.0 -1.0 -1.0 -1.0 -1.0 -1.0 -1.0 
19.0 32.0 -1.0 -1.0 -1.0 29.0 15.0 -1.0 -1.0 37.0 -1.0 34.0 17.0 30.0 -1.0 -1.0 44.0 48.0 
-1.0 -1.0 28.0 43.0 -1.0 30.0 -1.0 50.0 -1.0 -1.0 44.0 -1.0 -1.0 -1.0 -1.0 -1.0 -1.0 39.0 
-1.0 28.0 48.0 32.0 -1.0 32.0 32.0 -1.0 -1.0 38.0 34.0 17.0 -1.0 -1.0 13.0 -1.0 -1.0 31.0 
-1.0 -1.0 -1.0 37.0 -1.0 -1.0 -1.0 -1.0 -1.0 -1.0 46.0 46.0 25.0 25.0 37.0 -1.0 45.0 -1.0 
-1.0 -1.0 -1.0 31.0 18.0 27.0 -1.0 33.0 -1.0 -1.0 -1.0 40.0 21.0 14.0 -1.0 -1.0 38.0 -1.0 
-1.0 -1.0 45.0 -1.0 -1.0 -1.0 -1.0 -1.0 42.0 44.0 -1.0 -1.0 -1.0 12.0 -1.0 40.0 -1.0 -1.0 
24.0 34.0 -1.0 46.0 -1.0 -1.0 -1.0 -1.0 36.0 -1.0 -1.0 -1.0 -1.0 -1.0 48.0 35.0 45.0 -1.0 
-1.0 -1.0 22.0 -1.0 12.0 -1.0 -1.0 -1.0 -1.0 -1.0 45.0 -1.0 -1.0 -1.0 -1.0 21.0 -1.0 -1.0 
15.0 -1.0 -1.0 33.0 24.0 -1.0 -1.0 10.0 18.0 11.0 -1.0 -1.0 -1.0 23.0 14.0 -1.0 -1.0 -1.0 
43.0 -1.0 -1.0 -1.0 -1.0 33.0 -1.0 -1.0 13.0 -1.0 46.0 -1.0 10.0 -1.0 -1.0 16.0 37.0 -1.0 
-1.0 -1.0 -1.0 -1.0 -1.0 -1.0 -1.0 11.0 24.0 -1.0 31.0 -1.0 -1.0 -1.0 19.0 44.0 -1.0 -1.0 
-1.0 -1.0 -1.0 -1.0 -1.0 -1.0 -1.0 -1.0 -1.0 -1.0 40.0 22.0 -1.0 28.0 -1.0 45.0 22.0 -1.0 
-1.0 -1.0 -1.0 36.0 -1.0 19.0 41.0 -1.0 50.0 -1.0 -1.0 -1.0 -1.0 -1.0 40.0 25.0 -1.0 -1.0 
-1.0 13.0 -1.0 28.0 -1.0 -1.0 -1.0 -1.0 -1.0 -1.0 -1.0 44.0 -1.0 -1.0 -1.0 -1.0 26.0 -1.0 
29.0 -1.0 -1.0 41.0 -1.0 -1.0 -1.0 43.0 -1.0 16.0 -1.0 -1.0 -1.0 -1.0 37.0 -1.0 -1.0 47.0 
22.0 -1.0 -1.0 20.0 16.0 -1.0 -1.0 38.0 -1.0 13.0 -1.0 23.0 -1.0 24.0 22.0 43.0 -1.0 -1.0 
30.0 -1.0 -1.0 38.0 -1.0 -1.0 16.0 15.0 -1.0 -1.0 -1.0 -1.0 -1.0 -1.0 -1.0 -1.0 16.0 -1.0 
-1.0 46.0 -1.0 -1.0 22.0 37.0 -1.0 -1.0 -1.0 24.0 29.0 -1.0 46.0 22.0 42.0 30.0 -1.0 -1.0 
23.0 29.0 21.0 -1.0 -1.0 45.0 -1.0 -1.0 43.0 15.0 -1.0 -1.0 20.0 -1.0 -1.0 -1.0 -1.0 26.0 
-1.0 -1.0 -1.0 -1.0 46.0 -1.0 -1.0 -1.0 -1.0 36.0 23.0 -1.0 -1.0 40.0 -1.0 -1.0 35.0 -1.0 
-1.0 -1.0 -1.0 -1.0 -1.0 -1.0 23.0 24.0 -1.0 -1.0 -1.0 39.0 -1.0 26.0 -1.0 -1.0 23.0 -1.0 
-1.0 -1.0 30.0 41.0 29.0 43.0 -1.0 -1.0 -1.0 -1.0 18.0 35.0 -1.0 33.0 -1.0 -1.0 -1.0 42.0 
11.0 -1.0 -1.0 47.0 -1.0 -1.0 -1.0 -1.0 23.0 44.0 -1.0 -1.0 16.0 47.0 -1.0 33.0 -1.0 22.0 
-1.0 47.0 -1.0 -1.0 -1.0 -1.0 22.0 39.0 -1.0 -1.0 -1.0 -1.0 22.0 -1.0 -1.0 -1.0 -1.0 -1.0 
-1.0 -1.0 -1.0 -1.0 30.0 16.0 -1.0 -1.0 -1.0 47.0 19.0 19.0 -1.0 31.0 15.0 32.0 -1.0 39.0 
-1.0 28.0 -1.0 -1.0 32.0 -1.0 -1.0 23.0 31.0 50.0 34.0 -1.0 22.0 36.0 -1.0 24.0 13.0 -1.0 
37.0 -1.0 -1.0 27.0 28.0 -1.0 25.0 18.0 16.0 -1.0 -1.0 -1.0 19.0 12.0 -1.0 -1.0 -1.0 13.0 
15.0 -1.0 -1.0 -1.0 25.0 -1.0 -1.0 33.0 47.0 -1.0 49.0 39.0 29.0 34.0 -1.0 31.0 -1.0 49.0 
-1.0 -1.0 -1.0 32.0 -1.0 21.0 -1.0 -1.0 17.0 -1.0 17.0 -1.0 -1.0 -1.0 -1.0 -1.0 -1.0 -1.0 
35.0 50.0 -1.0 -1.0 -1.0 -1.0 -1.0 26.0 38.0 -1.0 -1.0 -1.0 44.0 -1.0 -1.0 -1.0 -1.0 -1.0 
-1.0 -1.0 12.0 -1.0 -1.0 43.0 -1.0 -1.0 -1.0 -1.0 39.0 -1.0 -1.0 -1.0 -1.0 -1.0 -1.0 10.0 
-1.0 -1.0 -1.0 -1.0 -1.0 17.0 -1.0 19.0 18.0 -1.0 -1.0 -1.0 -1.0 -1.0 -1.0 -1.0 32.0 -1.0 
-1.0 -1.0 -1.0 -1.0 -1.0 38.0 23.0 38.0 -1.0 -1.0 -1.0 -1.0 -1.0 -1.0 -1.0 -1.0 -1.0 14.0 
-1.0 -1.0 38.0 43.0 31.0 -1.0 37.0 42.0 -1.0 -1.0 -1.0 -1.0 19.0 14.0 -1.0 45.0 28.0 22.0 
-1.0 43.0 44.0 -1.0 -1.0 -1.0 -1.0 40.0 45.0 37.0 -1.0 -1.0 -1.0 -1.0 31.0 46.0 48.0 19.0 
13.0 43.0 15.0 -1.0 -1.0 -1.0 -1.0 15.0 -1.0 -1.0 31.0 -1.0 29.0 22.0 47.0 10.0 -1.0 -1.0 
-1.0 17.0 -1.0 -1.0 36.0 -1.0 -1.0 16.0 -1.0 -1.0 -1.0 29.0 17.0 -1.0 23.0 -1.0 -1.0 -1.0 
-1.0 -1.0 -1.0 46.0 -1.0 -1.0 -1.0 36.0 35.0 -1.0 -1.0 -1.0 -1.0 -1.0 -1.0 -1.0 46.0 -1.0 
-1.0 -1.0 -1.0 -1.0 -1.0 -1.0 -1.0 22.0 -1.0 38.0 37.0 43.0 -1.0 -1.0 -1.0 -1.0 23.0 -1.0 
35.0 -1.0 15.0 11.0 -1.0 -1.0 -1.0 -1.0 -1.0 -1.0 -1.0 -1.0 -1.0 -1.0 -1.0 -1.0 -1.0 21.0 
-1.0 -1.0 -1.0 15.0 -1.0 25.0 -1.0 -1.0 45.0 -1.0 -1.0 28.0 -1.0 36.0 21.0 -1.0 -1.0 -1.0 
-1.0 -1.0 -1.0 -1.0 -1.0 45.0 -1.0 20.0 15.0 -1.0 -1.0 -1.0 -1.0 -1.0 -1.0 -1.0 13.0 -1.0 
-1.0 16.0 -1.0 28.0 32.0 -1.0 44.0 -1.0 -1.0 -1.0 -1.0 -1.0 20.0 48.0 45.0 -1.0 20.0 24.0 
15.0 -1.0 48.0 -1.0 -1.0 -1.0 21.0 -1.0 47.0 -1.0 -1.0 14.0 33.0 -1.0 -1.0 -1.0 43.0 29.0 
-1.0 -1.0 -1.0 10.0 19.0 -1.0 -1.0 11.0 -1.0 -1.0 -1.0 -1.0 43.0 31.0 17.0 20.0 -1.0 48.0 
-1.0 -1.0 -1.0 38.0 -1.0 -1.0 -1.0 39.0 -1.0 -1.0 -1.0 -1.0 -1.0 13.0 -1.0 -1.0 11.0 -1.0 
21.0 22.0 17.0 -1.0 13.0 -1.0 40.0 -1.0 20.0 -1.0 48.0 -1.0 -1.0 20.0 -1.0 -1.0 15.0 48.0 
-1.0 -1.0 44.0 36.0 20.0 -1.0 44.0 -1.0 26.0 -1.0 -1.0 -1.0 -1.0 12.0 19.0 47.0 33.0 -1.0 
-1.0 -1.0 -1.0 -1.0 18.0 27.0 12.0 24.0 -1.0 -1.0 18.0 37.0 -1.0 19.0 12.0 -1.0 -1.0 33.0 
-1.0 -1.0 20.0 10.0 19.0 -1.0 -1.0 -1.0 -1.0 -1.0 -1.0 27.0 -1.0 37.0 -1.0 14.0 -1.0 -1.0 
-1.0 -1.0 -1.0 25.0 -1.0 -1.0 16.0 41.0 -1.0 -1.0 -1.0 -1.0 -1.0 -1.0 47.0 -1.0 47.0 -1.0 
-1.0 -1.0 35.0 50.0 -1.0 33.0 35.0 -1.0 29.0 -1.0 -1.0 -1.0 36.0 14.0 -1.0 -1.0 -1.0 -1.0 
-1.0 -1.0 -1.0 -1.0 -1.0 44.0 -1.0 -1.0 10.0 -1.0 -1.0 -1.0 -1.0 28.0 -1.0 18.0 -1.0 -1.0 
-1.0 11.0 -1.0 -1.0 -1.0 -1.0 -1.0 -1.0 -1.0 15.0 21.0 19.0 -1.0 -1.0 26.0 -1.0 -1.0 -1.0 
17.0 -1.0 17.0 30.0 42.0 -1.0 -1.0 46.0 33.0 -1.0 10.0 -1.0 29.0 -1.0 43.0 25.0 -1.0 -1.0 
-1.0 14.0 -1.0 -1.0 47.0 36.0 21.0 13.0 -1.0 -1.0 -1.0 32.0 17.0 -1.0 -1.0 39.0 38.0 32.0 
49.0 16.0 -1.0 -1.0 11.0 -1.0 -1.0 -1.0 -1.0 -1.0 -1.0 -1.0 47.0 -1.0 -1.0 -1.0 -1.0 38.0 
39.0 -1.0 19.0 19.0 -1.0 -1.0 -1.0 -1.0 33.0 27.0 26.0 40.0 14.0 -1.0 28.0 -1.0 23.0 -1.0 
29.0 45.0 32.0 -1.0 -1.0 -1.0 31.0 -1.0 18.0 50.0 -1.0 -1.0 -1.0 -1.0 -1.0 23.0 -1.0 -1.0 
-1.0 45.0 -1.0 -1.0 -1.0 -1.0 -1.0 -1.0 11.0 40.0 12.0 -1.0 -1.0 24.0 -1.0 -1.0 -1.0 29.0 
33.0 48.0 20.0 48.0 39.0 -1.0 -1.0 -1.0 -1.0 -1.0 -1.0 -1.0 18.0 -1.0 15.0 -1.0 -1.0 12.0 
44.0 -1.0 19.0 44.0 -1.0 -1.0 39.0 -1.0 42.0 28.0 41.0 -1.0 -1.0 -1.0 26.0 15.0 17.0 -1.0 
49.0 27.0 -1.0 23.0 48.0 -1.0 -1.0 49.0 -1.0 41.0 -1.0 -1.0 -1.0 46.0 -1.0 -1.0 40.0 35.0 
49.0 -1.0 -1.0 -1.0 27.0 -1.0 -1.0 -1.0 -1.0 -1.0 -1.0 -1.0 -1.0 -1.0 19.0 28.0 28.0 -1.0 
-1.0 -1.0 13.0 -1.0 -1.0 15.0 -1.0 23.0 -1.0 -1.0 -1.0 -1.0 26.0 -1.0 -1.0 -1.0 -1.0 -1.0 
43.0 -1.0 22.0 50.0 -1.0 -1.0 -1.0 40.0 26.0 30.0 10.0 42.0 -1.0 -1.0 -1.0 -1.0 -1.0 -1.0 
-1.0 37.0 29.0 21.0 -1.0 -1.0 -1.0 31.0 -1.0 -1.0 -1.0 -1.0 -1.0 -1.0 21.0 39.0 21.0 36.0 
24.0 49.0 -1.0 40.0 -1.0 22.0 -1.0 43.0 -1.0 -1.0 -1.0 -1.0 -1.0 40.0 -1.0 -1.0 -1.0 -1.0 
-1.0 -1.0 -1.0 12.0 -1.0 17.0 48.0 46.0 43.0 -1.0 44.0 -1.0 14.0 34.0 -1.0 49.0 -1.0 -1.0 
-1.0 -1.0 -1.0 -1.0 -1.0 -1.0 42.0 19.0 -1.0 50.0 -1.0 -1.0 -1.0 22.0 22.0 -1.0 40.0 45.0 
-1.0 22.0 -1.0 -1.0 -1.0 -1.0 41.0 44.0 12.0 -1.0 10.0 -1.0 -1.0 -1.0 -1.0 -1.0 -1.0 -1.0 
-1.0 -1.0 43.0 -1.0 -1.0 -1.0 49.0 -1.0 16.0 -1.0 -1.0 -1.0 -1.0 -1.0 19.0 -1.0 -1.0 -1.0 
-1.0 19.0 -1.0 -1.0 -1.0 38.0 -1.0 44.0 -1.0 -1.0 13.0 -1.0 -1.0 -1.0 34.0 -1.0 -1.0 15.0 
-1.0 -1.0 50.0 -1.0 19.0 11.0 -1.0 -1.0 -1.0 -1.0 -1.0 -1.0 25.0 36.0 -1.0 -1.0 -1.0 -1.0 
-1.0 -1.0 -1.0 25.0 41.0 -1.0 -1.0 -1.0 -1.0 -1.0 -1.0 -1.0 30.0 -1.0 28.0 -1.0 38.0 27.0 
13.0 -1.0 35.0 -1.0 -1.0 -1.0 47.0 34.0 -1.0 -1.0 11.0 24.0 -1.0 -1.0 -1.0 50.0 -1.0 -1.0 
-1.0 46.0 -1.0 43.0 17.0 -1.0 36.0 -1.0 48.0 24.0 -1.0 42.0 19.0 41.0 -1.0 45.0 -1.0 -1.0 
12.0 -1.0 48.0 40.0 22.0 -1.0 -1.0 47.0 -1.0 20.0 -1.0 -1.0 40.0 25.0 -1.0 26.0 -1.0 -1.0 
-1.0 45.0 -1.0 50.0 45.0 46.0 -1.0 48.0 21.0 35.0 -1.0 -1.0 29.0 -1.0 50.0 -1.0 -1.0 37.0 
-1.0 -1.0 31.0 21.0 -1.0 -1.0 -1.0 -1.0 -1.0 -1.0 -1.0 -1.0 27.0 38.0 -1.0 13.0 -1.0 -1.0 
-1.0 -1.0 17.0 -1.0 -1.0 -1.0 -1.0 -1.0 -1.0 23.0 -1.0 -1.0 -1.0 -1.0 -1.0 34.0 -1.0 48.0 
35.0 -1.0 16.0 50.0 -1.0 -1.0 47.0 -1.0 -1.0 -1.0 -1.0 -1.0 -1.0 -1.0 -1.0 -1.0 -1.0 -1.0 
-1.0 15.0 -1.0 -1.0 -1.0 -1.0 -1.0 -1.0 48.0 -1.0 -1.0 10.0 -1.0 -1.0 17.0 -1.0 36.0 33.0 
22.0 -1.0 22.0 -1.0 -1.0 -1.0 47.0 15.0 45.0 -1.0 -1.0 12.0 -1.0 -1.0 33.0 -1.0 -1.0 34.0 
27.0 -1.0 -1.0 35.0 38.0 -1.0 -1.0 20.0 -1.0 19.0 -1.0 44.0 12.0 34.0 21.0 40.0 -1.0 -1.0 
26.0 -1.0 -1.0 18.0 -1.0 -1.0 48.0 37.0 -1.0 -1.0 22.0 10.0 15.0 -1.0 -1.0 -1.0 25.0 18.0 
-1.0 23.0 -1.0 15.0 49.0 -1.0 -1.0 -1.0 -1.0 -1.0 39.0 12.0 35.0 -1.0 20.0 38.0 -1.0 24.0 
-1.0 -1.0 -1.0 34.0 -1.0 -1.0 38.0 -1.0 -1.0 -1.0 32.0 -1.0 -1.0 17.0 -1.0 33.0 25.0 30.0 
39.0 40.0 36.0 -1.0 -1.0 -1.0 -1.0 -1.0 18.0 -1.0 17.0 -1.0 12.0 45.0 -1.0 -1.0 -1.0 46.0 
-1.0 37.0 -1.0 47.0 47.0 -1.0 -1.0 12.0 42.0 16.0 -1.0 -1.0 20.0 -1.0 -1.0 -1.0 20.0 -1.0 
-1.0 31.0 30.0 28.0 -1.0 -1.0 -1.0 -1.0 13.0 44.0 31.0 30.0 -1.0 24.0 -1.0 18.0 -1.0 36.0 
-1.0 18.0 -1.0 -1.0 -1.0 -1.0 48.0 -1.0 -1.0 -1.0 -1.0 -1.0 -1.0 -1.0 -1.0 -1.0 36.0 47.0 
41.0 35.0 -1.0 19.0 29.0 -1.0 -1.0 -1.0 43.0 -1.0 36.0 -1.0 -1.0 11.0 -1.0 15.0 -1.0 -1.0 
34.0 -1.0 -1.0 15.0 -1.0 17.0 13.0 -1.0 25.0 -1.0 13.0 17.0 -1.0 48.0 -1.0 -1.0 16.0 -1.0 
24.0 34.0 -1.0 22.0 -1.0 -1.0 -1.0 -1.0 29.0 35.0 -1.0 50.0 -1.0 -1.0 41.0 -1.0 -1.0 -1.0 
-1.0 -1.0 34.0 -1.0 -1.0 39.0 -1.0 -1.0 -1.0 -1.0 -1.0 18.0 -1.0 17.0 18.0 -1.0 21.0 38.0 
-1.0 41.0 11.0 -1.0 33.0 28.0 14.0 17.0 25.0 -1.0 -1.0 -1.0 -1.0 48.0 -1.0 -1.0 -1.0 -1.0 
-1.0 41.0 -1.0 14.0 26.0 -1.0 -1.0 -1.0 46.0 -1.0 -1.0 -1.0 -1.0 -1.0 -1.0 -1.0 -1.0 42.0 
-1.0 -1.0 33.0 -1.0 -1.0 -1.0 32.0 -1.0 -1.0 -1.0 -1.0 16.0 -1.0 -1.0 -1.0 -1.0 -1.0 34.0 
-1.0 -1.0 -1.0 22.0 31.0 -1.0 11.0 49.0 -1.0 -1.0 19.0 -1.0 -1.0 41.0 46.0 24.0 40.0 -1.0 
-1.0 -1.0 -1.0 31.0 26.0 15.0 -1.0 50.0 29.0 47.0 -1.0 -1.0 -1.0 -1.0 -1.0 -1.0 -1.0 -1.0 
32.0 50.0 38.0 -1.0 -1.0 14.0 -1.0 -1.0 15.0 27.0 12.0 -1.0 -1.0 -1.0 -1.0 -1.0 31.0 -1.0 
-1.0 48.0 42.0 16.0 -1.0 -1.0 26.0 -1.0 -1.0 -1.0 -1.0 -1.0 -1.0 -1.0 28.0 -1.0 50.0 28.0 
-1.0 -1.0 33.0 20.0 38.0 37.0 -1.0 24.0 12.0 -1.0 -1.0 -1.0 -1.0 -1.0 -1.0 -1.0 -1.0 49.0 
-1.0 -1.0 15.0 28.0 -1.0 40.0 12.0 48.0 10.0 -1.0 14.0 -1.0 15.0 -1.0 -1.0 -1.0 10.0 45.0 
33.0 21.0 -1.0 37.0 -1.0 -1.0 -1.0 43.0 -1.0 36.0 18.0 42.0 -1.0 -1.0 43.0 -1.0 -1.0 -1.0 
17.0 48.0 -1.0 -1.0 38.0 -1.0 -1.0 -1.0 -1.0 -1.0 22.0 -1.0 -1.0 33.0 -1.0 -1.0 -1.0 -1.0 
46.0 -1.0 -1.0 26.0 -1.0 24.0 30.0 -1.0 -1.0 -1.0 35.0 21.0 -1.0 -1.0 -1.0 40.0 -1.0 -1.0 
-1.0 -1.0 -1.0 -1.0 -1.0 -1.0 43.0 -1.0 -1.0 26.0 49.0 -1.0 -1.0 -1.0 -1.0 -1.0 25.0 -1.0 
-1.0 -1.0 -1.0 25.0 41.0 18.0 50.0 -1.0 -1.0 -1.0 -1.0 -1.0 -1.0 -1.0 -1.0 38.0 -1.0 -1.0 
-1.0 -1.0 -1.0 19.0 -1.0 37.0 -1.0 11.0 38.0 -1.0 -1.0 40.0 -1.0 -1.0 -1.0 -1.0 10.0 27.0 
-1.0 25.0 -1.0 43.0 -1.0 23.0 -1.0 -1.0 -1.0 -1.0 -1.0 29.0 45.0 -1.0 -1.0 -1.0 -1.0 -1.0 
-1.0 -1.0 11.0 45.0 27.0 30.0 -1.0 48.0 20.0 -1.0 -1.0 -1.0 -1.0 -1.0 14.0 42.0 -1.0 21.0 
-1.0 43.0 -1.0 -1.0 46.0 -1.0 22.0 12.0 15.0 -1.0 -1.0 -1.0 18.0 -1.0 21.0 33.0 -1.0 18.0 
15.0 -1.0 14.0 -1.0 -1.0 -1.0 -1.0 22.0 34.0 -1.0 -1.0 -1.0 11.0 -1.0 -1.0 -1.0 -1.0 43.0 
22.0 -1.0 -1.0 -1.0 -1.0 35.0 41.0 39.0 -1.0 -1.0 -1.0 -1.0 -1.0 -1.0 25.0 -1.0 -1.0 -1.0 
-1.0 12.0 37.0 -1.0 -1.0 31.0 47.0 16.0 -1.0 15.0 19.0 -1.0 -1.0 -1.0 35.0 -1.0 -1.0 -1.0 
13.0 -1.0 -1.0 -1.0 43.0 18.0 -1.0 -1.0 42.0 33.0 -1.0 37.0 -1.0 -1.0 19.0 -1.0 -1.0 46.0 
-1.0 -1.0 -1.0 -1.0 15.0 -1.0 21.0 43.0 -1.0 -1.0 45.0 33.0 -1.0 -1.0 -1.0 -1.0 21.0 47.0 
-1.0 32.0 10.0 -1.0 -1.0 -1.0 -1.0 -1.0 -1.0 -1.0 19.0 -1.0 10.0 26.0 -1.0 -1.0 -1.0 16.0 
-1.0 -1.0 13.0 50.0 32.0 34.0 43.0 26.0 -1.0 26.0 41.0 41.0 -1.0 -1.0 -1.0 -1.0 33.0 -1.0 
-1.0 -1.0 24.0 -1.0 -1.0 -1.0 -1.0 28.0 -1.0 15.0 -1.0 -1.0 -1.0 -1.0 43.0 32.0 -1.0 23.0 
20.0 -1.0 -1.0 17.0 -1.0 -1.0 14.0 34.0 -1.0 26.0 -1.0 -1.0 -1.0 14.0 -1.0 -1.0 43.0 12.0 
11.0 -1.0 -1.0 -1.0 21.0 -1.0 -1.0 35.0 -1.0 -1.0 -1.0 24.0 -1.0 29.0 20.0 -1.0 48.0 -1.0 
-1.0 49.0 -1.0 -1.0 -1.0 -1.0 -1.0 26.0 -1.0 -1.0 34.0 -1.0 -1.0 -1.0 -1.0 -1.0 38.0 23.0 
-1.0 -1.0 42.0 -1.0 -1.0 -1.0 41.0 -1.0 25.0 -1.0 -1.0 -1.0 -1.0 13.0 -1.0 -1.0 -1.0 -1.0 
-1.0 -1.0 -1.0 -1.0 -1.0 23.0 43.0 -1.0 -1.0 -1.0 -1.0 -1.0 23.0 -1.0 26.0 -1.0 -1.0 -1.0 
-1.0 -1.0 42.0 26.0 24.0 -1.0 -1.0 -1.0 -1.0 -1.0 -1.0 29.0 -1.0 41.0 -1.0 -1.0 27.0 -1.0 
-1.0 -1.0 -1.0 -1.0 -1.0 -1.0 -1.0 45.0 21.0 -1.0 -1.0 -1.0 -1.0 41.0 -1.0 37.0 -1.0 -1.0 
-1.0 -1.0 -1.0 50.0 -1.0 31.0 -1.0 -1.0 -1.0 -1.0 13.0 41.0 -1.0 10.0 -1.0 -1.0 -1.0 -1.0 
41.0 32.0 -1.0 -1.0 42.0 -1.0 32.0 -1.0 -1.0 -1.0 -1.0 -1.0 45.0 -1.0 -1.0 -1.0 -1.0 -1.0 
31.0 33.0 30.0 21.0 35.0 31.0 -1.0 -1.0 -1.0 -1.0 -1.0 -1.0 -1.0 47.0 22.0 -1.0 -1.0 -1.0 
