***n m*** 
15 15 
***h*** 
8 13 5 8 12 13 13 13 15 12 13 8 13 9 15 
***d*** 
342.0 86.69 690.57 85.64 624.6 89.04 824.08 639.46 536.59 795.37 538.01 588.84 807.12 516.68 92.3 
***M*** 
11 7 5 4 9 8 10 12 
8 10 9 14 
15 10 7 3 11 12 14 
13 6 15 3 5 1 12 2 14 
15 14 13 6 5 12 10 9 4 11 
14 7 9 4 12 2 5 3 
10 8 11 3 5 14 13 2 
3 11 15 12 10 1 14 
14 11 4 2 15 6 7 12 
8 15 12 6 
2 6 4 12 9 8 1 3 11 
8 12 2 5 3 4 13 
15 11 12 7 5 
3 6 8 14 7 12 4 
2 10 11 12 6 13 1 7 
7 14 1 11 3 15 
11 15 13 12 8 
4 1 2 10 12 15 7 
15 3 7 5 10 13 
7 13 9 14 2 8 
11 5 10 12 
12 2 1 15 6 7 13 14 5 4 
2 8 9 11 10 4 6 
1 15 14 13 6 9 11 10 4 3 
15 8 13 3 6 2 14 
11 6 15 5 
6 13 11 3 10 9 8 15 
9 4 1 5 10 15 
14 5 2 3 6 12 9 
6 2 11 1 15 4 7 9 14 
2 12 14 5 
6 5 7 3 2 4 8 15 
2 3 10 14 7 13 9 15 6 
7 9 2 11 4 5 10 
5 14 6 13 8 12 4 
12 2 3 11 9 14 15 
12 10 7 15 2 8 5 4 
11 9 3 10 8 15 14 
10 9 5 12 15 2 
3 4 14 2 7 1 6 
1 7 9 3 8 15 13 6 
5 11 15 9 12 6 1 7 4 2 
5 7 11 12 9 15 10 4 13 
10 3 11 5 14 6 1 13 12 
6 13 15 14 1 
2 4 13 8 7 9 1 6 
3 9 13 14 5 4 8 15 10 
11 1 13 7 9 5 
13 2 6 15 
2 12 5 14 15 1 10 7 6 
15 1 11 5 12 7 13 4 
15 2 6 9 13 3 11 
11 1 6 5 2 12 15 
4 15 6 12 3 
3 2 8 11 
3 6 13 1 15 11 14 2 
9 11 4 13 3 7 8 14 15 10 
11 5 3 6 1 14 10 
9 11 1 10 15 6 4 3 2 14 
11 6 13 1 3 10 7 5 4 
15 12 9 5 8 14 
1 14 9 13 2 8 6 10 
10 13 6 12 14 7 2 
9 3 4 14 11 13 1 5 
4 7 2 15 9 6 12 14 11 5 
15 13 9 5 6 12 11 4 10 2 
14 12 6 2 9 1 4 8 5 15 
15 3 1 13 6 11 5 8 9 
12 4 15 10 5 
14 13 7 15 6 
11 12 5 13 14 1 
14 6 2 8 7 
5 12 13 10 4 14 8 
3 13 4 1 12 7 2 6 10 
2 4 8 1 14 
12 9 5 6 13 1 4 
6 13 10 14 9 11 15 
4 15 5 10 14 
14 8 13 5 9 
4 9 11 10 
10 13 15 4 5 6 1 
14 6 3 7 8 15 9 5 12 
10 6 1 13 4 9 
7 10 15 11 4 6 
15 3 1 2 12 13 6 5 4 
11 9 7 5 10 13 2 6 1 
6 4 15 10 1 8 
5 2 11 1 14 4 8 13 7 12 
10 13 5 2 14 9 15 3 
1 8 12 5 
4 2 3 8 9 
10 4 11 2 3 14 9 
7 5 2 3 10 8 
13 8 12 7 
14 9 6 12 13 
12 9 2 14 
3 5 7 9 8 14 13 2 12 
13 9 1 2 6 
15 9 8 11 1 2 4 10 5 7 
7 3 8 6 2 15 13 10 12 
14 3 4 11 7 8 15 13 
13 15 3 14 10 11 8 1 
12 5 9 4 11 14 10 8 6 
4 10 13 14 1 9 8 11 
12 15 11 1 2 13 9 5 10 
2 11 7 9 5 4 13 
3 11 12 4 8 10 15 2 6 
4 1 2 8 6 10 9 14 5 
8 11 5 2 6 3 1 
2 11 4 3 14 7 9 5 
11 13 6 15 8 10 14 12 
14 10 3 5 7 13 1 
8 11 7 10 
6 2 14 11 10 5 12 9 
4 12 13 5 10 8 11 3 
7 1 2 12 9 3 15 
2 13 1 8 6 
14 3 13 5 8 4 11 1 15 9 
7 6 10 9 11 15 8 14 13 
15 9 7 5 13 11 14 12 
2 7 11 3 4 6 12 8 10 
6 12 10 1 15 2 11 
4 14 3 7 6 2 5 
5 7 15 1 8 14 6 3 13 
8 7 14 3 
12 9 13 3 
2 6 5 9 
8 7 12 11 2 14 4 
5 15 8 3 10 
11 4 9 15 14 5 6 
1 6 7 12 10 
13 3 12 4 15 7 8 
15 10 8 6 5 
12 14 7 11 8 10 5 6 
2 11 5 6 1 12 
13 11 9 5 
3 5 10 11 2 4 6 
13 7 6 12 10 1 2 11 5 3 
13 10 2 4 6 15 3 1 14 
15 14 9 3 10 6 8 
7 6 12 11 
14 13 10 1 8 12 6 9 
4 12 2 8 10 
11 7 5 14 4 10 
6 11 1 4 10 2 
15 5 9 3 8 
7 12 1 9 10 15 8 
4 3 2 7 10 15 5 
7 1 9 3 12 2 
7 2 4 3 14 
15 6 10 4 8 5 12 9 11 3 
3 14 12 7 6 5 8 
8 7 13 3 5 2 14 
2 3 6 9 
10 2 11 9 12 7 6 1 
10 3 2 13 
12 6 4 5 
15 7 5 4 14 3 10 6 1 
12 14 3 6 2 4 
13 10 15 4 3 5 1 2 
5 11 7 14 
1 15 2 4 11 10 12 6 3 14 
8 5 4 10 6 12 1 3 15 
14 1 6 7 2 
15 2 5 7 12 8 9 1 10 13 
14 13 8 10 12 11 6 15 7 1 
10 7 1 9 14 13 3 
15 10 14 5 7 1 2 6 
12 1 15 5 10 9 7 
13 15 1 14 11 8 7 
***P*** 
-1.0 -1.0 -1.0 16.0 14.0 -1.0 31.0 37.0 24.0 25.0 42.0 12.0 -1.0 -1.0 -1.0 
-1.0 -1.0 -1.0 -1.0 -1.0 -1.0 -1.0 43.0 38.0 32.0 -1.0 -1.0 -1.0 19.0 -1.0 
-1.0 -1.0 30.0 -1.0 -1.0 -1.0 14.0 -1.0 -1.0 15.0 38.0 49.0 -1.0 32.0 48.0 
32.0 47.0 27.0 -1.0 47.0 36.0 -1.0 -1.0 -1.0 -1.0 -1.0 40.0 45.0 40.0 12.0 
-1.0 -1.0 -1.0 27.0 44.0 40.0 -1.0 -1.0 10.0 21.0 19.0 26.0 26.0 47.0 39.0 
-1.0 46.0 44.0 38.0 47.0 -1.0 37.0 -1.0 27.0 -1.0 -1.0 16.0 -1.0 38.0 -1.0 
-1.0 27.0 16.0 -1.0 41.0 -1.0 -1.0 44.0 -1.0 16.0 33.0 -1.0 48.0 27.0 -1.0 
30.0 -1.0 45.0 -1.0 -1.0 -1.0 -1.0 -1.0 -1.0 42.0 12.0 44.0 -1.0 46.0 18.0 
-1.0 25.0 -1.0 30.0 -1.0 22.0 39.0 -1.0 -1.0 -1.0 21.0 39.0 -1.0 31.0 45.0 
-1.0 -1.0 -1.0 -1.0 -1.0 13.0 -1.0 28.0 -1.0 -1.0 -1.0 50.0 -1.0 -1.0 12.0 
20.0 48.0 19.0 49.0 -1.0 12.0 -1.0 13.0 45.0 -1.0 49.0 34.0 -1.0 -1.0 -1.0 
-1.0 43.0 39.0 42.0 18.0 -1.0 -1.0 42.0 -1.0 -1.0 -1.0 35.0 10.0 -1.0 -1.0 
-1.0 -1.0 -1.0 -1.0 30.0 -1.0 11.0 -1.0 -1.0 -1.0 10.0 15.0 -1.0 -1.0 24.0 
-1.0 -1.0 16.0 24.0 -1.0 18.0 46.0 20.0 -1.0 -1.0 -1.0 43.0 -1.0 20.0 -1.0 
10.0 43.0 -1.0 -1.0 -1.0 45.0 32.0 -1.0 -1.0 21.0 21.0 22.0 37.0 -1.0 -1.0 
50.0 -1.0 28.0 -1.0 -1.0 -1.0 15.0 -1.0 -1.0 -1.0 50.0 -1.0 -1.0 39.0 32.0 
-1.0 -1.0 -1.0 -1.0 -1.0 -1.0 -1.0 23.0 -1.0 -1.0 43.0 22.0 46.0 -1.0 20.0 
14.0 46.0 -1.0 31.0 -1.0 -1.0 17.0 -1.0 -1.0 13.0 -1.0 32.0 -1.0 -1.0 24.0 
-1.0 -1.0 23.0 -1.0 48.0 -1.0 12.0 -1.0 -1.0 38.0 -1.0 -1.0 34.0 -1.0 19.0 
-1.0 36.0 -1.0 -1.0 -1.0 -1.0 28.0 50.0 38.0 -1.0 -1.0 -1.0 12.0 42.0 -1.0 
-1.0 -1.0 -1.0 -1.0 49.0 -1.0 -1.0 -1.0 -1.0 27.0 24.0 17.0 -1.0 -1.0 -1.0 
43.0 25.0 -1.0 33.0 36.0 50.0 37.0 -1.0 -1.0 -1.0 -1.0 27.0 30.0 32.0 40.0 
-1.0 39.0 -1.0 20.0 -1.0 12.0 -1.0 17.0 36.0 40.0 27.0 -1.0 -1.0 -1.0 -1.0 
31.0 -1.0 32.0 23.0 -1.0 10.0 -1.0 -1.0 19.0 21.0 33.0 -1.0 19.0 40.0 33.0 
-1.0 50.0 17.0 -1.0 -1.0 34.0 -1.0 34.0 -1.0 -1.0 -1.0 -1.0 35.0 48.0 40.0 
-1.0 -1.0 -1.0 -1.0 48.0 49.0 -1.0 -1.0 -1.0 -1.0 35.0 -1.0 -1.0 -1.0 43.0 
-1.0 -1.0 15.0 -1.0 -1.0 35.0 -1.0 30.0 12.0 20.0 44.0 -1.0 14.0 -1.0 26.0 
50.0 -1.0 -1.0 33.0 20.0 -1.0 -1.0 -1.0 27.0 25.0 -1.0 -1.0 -1.0 -1.0 42.0 
-1.0 16.0 47.0 -1.0 27.0 48.0 -1.0 -1.0 24.0 -1.0 -1.0 20.0 -1.0 40.0 -1.0 
39.0 15.0 -1.0 31.0 -1.0 46.0 48.0 -1.0 15.0 -1.0 19.0 -1.0 -1.0 49.0 12.0 
-1.0 44.0 -1.0 -1.0 49.0 -1.0 -1.0 -1.0 -1.0 -1.0 -1.0 18.0 -1.0 40.0 -1.0 
-1.0 38.0 50.0 45.0 34.0 45.0 23.0 45.0 -1.0 -1.0 -1.0 -1.0 -1.0 -1.0 23.0 
-1.0 39.0 39.0 -1.0 -1.0 10.0 50.0 -1.0 35.0 36.0 -1.0 -1.0 23.0 24.0 11.0 
-1.0 29.0 -1.0 36.0 22.0 -1.0 50.0 -1.0 17.0 39.0 31.0 -1.0 -1.0 -1.0 -1.0 
-1.0 -1.0 -1.0 37.0 34.0 39.0 -1.0 38.0 -1.0 -1.0 -1.0 42.0 24.0 13.0 -1.0 
-1.0 28.0 14.0 -1.0 -1.0 -1.0 -1.0 -1.0 48.0 -1.0 19.0 24.0 -1.0 11.0 44.0 
-1.0 41.0 -1.0 13.0 17.0 -1.0 15.0 28.0 -1.0 22.0 -1.0 13.0 -1.0 -1.0 46.0 
-1.0 -1.0 13.0 -1.0 -1.0 -1.0 -1.0 47.0 10.0 16.0 23.0 -1.0 -1.0 41.0 25.0 
-1.0 39.0 -1.0 -1.0 41.0 -1.0 -1.0 -1.0 12.0 49.0 -1.0 20.0 -1.0 -1.0 27.0 
39.0 27.0 49.0 37.0 -1.0 15.0 23.0 -1.0 -1.0 -1.0 -1.0 -1.0 -1.0 49.0 -1.0 
39.0 -1.0 22.0 -1.0 -1.0 46.0 35.0 38.0 14.0 -1.0 -1.0 -1.0 20.0 -1.0 41.0 
39.0 47.0 -1.0 44.0 19.0 30.0 40.0 -1.0 45.0 -1.0 36.0 12.0 -1.0 -1.0 25.0 
-1.0 -1.0 -1.0 11.0 21.0 -1.0 44.0 -1.0 48.0 39.0 17.0 23.0 32.0 -1.0 39.0 
42.0 -1.0 29.0 -1.0 20.0 23.0 -1.0 -1.0 -1.0 42.0 21.0 21.0 14.0 17.0 -1.0 
15.0 -1.0 -1.0 -1.0 -1.0 47.0 -1.0 -1.0 -1.0 -1.0 -1.0 -1.0 48.0 36.0 14.0 
50.0 46.0 -1.0 46.0 -1.0 12.0 14.0 38.0 23.0 -1.0 -1.0 -1.0 17.0 -1.0 -1.0 
-1.0 -1.0 44.0 36.0 14.0 -1.0 -1.0 19.0 18.0 46.0 -1.0 -1.0 38.0 18.0 46.0 
13.0 -1.0 -1.0 -1.0 38.0 -1.0 18.0 -1.0 11.0 -1.0 12.0 -1.0 42.0 -1.0 -1.0 
-1.0 27.0 -1.0 -1.0 -1.0 40.0 -1.0 -1.0 -1.0 -1.0 -1.0 -1.0 36.0 -1.0 45.0 
16.0 47.0 -1.0 -1.0 23.0 28.0 46.0 -1.0 -1.0 25.0 -1.0 12.0 -1.0 32.0 36.0 
36.0 -1.0 -1.0 46.0 42.0 -1.0 20.0 -1.0 -1.0 -1.0 34.0 14.0 18.0 -1.0 31.0 
-1.0 28.0 20.0 -1.0 -1.0 40.0 -1.0 -1.0 46.0 -1.0 49.0 -1.0 18.0 -1.0 40.0 
39.0 26.0 -1.0 -1.0 40.0 27.0 -1.0 -1.0 -1.0 -1.0 12.0 50.0 -1.0 -1.0 15.0 
-1.0 -1.0 50.0 25.0 -1.0 27.0 -1.0 -1.0 -1.0 -1.0 -1.0 23.0 -1.0 -1.0 17.0 
-1.0 23.0 10.0 -1.0 -1.0 -1.0 -1.0 27.0 -1.0 -1.0 35.0 -1.0 -1.0 -1.0 -1.0 
21.0 11.0 45.0 -1.0 -1.0 21.0 -1.0 -1.0 -1.0 -1.0 22.0 -1.0 17.0 29.0 22.0 
-1.0 -1.0 41.0 22.0 -1.0 -1.0 24.0 23.0 41.0 21.0 10.0 -1.0 19.0 40.0 44.0 
13.0 -1.0 22.0 -1.0 46.0 24.0 -1.0 -1.0 -1.0 35.0 20.0 -1.0 -1.0 48.0 -1.0 
15.0 22.0 42.0 44.0 -1.0 36.0 -1.0 -1.0 37.0 41.0 23.0 -1.0 -1.0 29.0 15.0 
20.0 -1.0 27.0 22.0 40.0 42.0 31.0 -1.0 -1.0 12.0 34.0 -1.0 25.0 -1.0 -1.0 
-1.0 -1.0 -1.0 -1.0 33.0 -1.0 -1.0 14.0 34.0 -1.0 -1.0 43.0 -1.0 49.0 31.0 
34.0 41.0 -1.0 -1.0 -1.0 50.0 -1.0 22.0 20.0 35.0 -1.0 -1.0 27.0 22.0 -1.0 
-1.0 45.0 -1.0 -1.0 -1.0 43.0 26.0 -1.0 -1.0 17.0 -1.0 43.0 16.0 42.0 -1.0 
37.0 -1.0 49.0 37.0 33.0 -1.0 -1.0 -1.0 12.0 -1.0 33.0 -1.0 50.0 32.0 -1.0 
-1.0 31.0 -1.0 15.0 21.0 35.0 20.0 -1.0 18.0 -1.0 30.0 32.0 -1.0 30.0 35.0 
-1.0 33.0 -1.0 40.0 48.0 45.0 -1.0 -1.0 12.0 15.0 34.0 49.0 36.0 -1.0 33.0 
48.0 43.0 -1.0 10.0 14.0 33.0 -1.0 23.0 35.0 -1.0 -1.0 50.0 -1.0 46.0 29.0 
35.0 -1.0 32.0 -1.0 20.0 22.0 -1.0 33.0 18.0 -1.0 22.0 -1.0 13.0 -1.0 35.0 
-1.0 -1.0 -1.0 31.0 50.0 -1.0 -1.0 -1.0 -1.0 26.0 -1.0 12.0 -1.0 -1.0 22.0 
-1.0 -1.0 -1.0 -1.0 -1.0 18.0 10.0 -1.0 -1.0 -1.0 -1.0 -1.0 36.0 18.0 26.0 
40.0 -1.0 -1.0 -1.0 18.0 -1.0 -1.0 -1.0 -1.0 -1.0 19.0 24.0 18.0 27.0 -1.0 
-1.0 50.0 -1.0 -1.0 -1.0 43.0 49.0 37.0 -1.0 -1.0 -1.0 -1.0 -1.0 39.0 -1.0 
-1.0 -1.0 -1.0 38.0 35.0 -1.0 -1.0 18.0 -1.0 42.0 -1.0 39.0 40.0 14.0 -1.0 
27.0 16.0 20.0 12.0 -1.0 25.0 15.0 -1.0 -1.0 42.0 -1.0 19.0 46.0 -1.0 -1.0 
16.0 12.0 -1.0 40.0 -1.0 -1.0 -1.0 15.0 -1.0 -1.0 -1.0 -1.0 -1.0 33.0 -1.0 
48.0 -1.0 -1.0 15.0 18.0 38.0 -1.0 -1.0 12.0 -1.0 -1.0 22.0 17.0 -1.0 -1.0 
-1.0 -1.0 -1.0 -1.0 -1.0 12.0 -1.0 -1.0 15.0 18.0 16.0 -1.0 47.0 36.0 19.0 
-1.0 -1.0 -1.0 39.0 42.0 -1.0 -1.0 -1.0 -1.0 29.0 -1.0 -1.0 -1.0 10.0 20.0 
-1.0 -1.0 -1.0 -1.0 25.0 -1.0 -1.0 30.0 14.0 -1.0 -1.0 -1.0 14.0 38.0 -1.0 
-1.0 -1.0 -1.0 43.0 -1.0 -1.0 -1.0 -1.0 25.0 23.0 21.0 -1.0 -1.0 -1.0 -1.0 
16.0 -1.0 -1.0 32.0 50.0 39.0 -1.0 -1.0 -1.0 17.0 -1.0 -1.0 49.0 -1.0 40.0 
-1.0 -1.0 50.0 -1.0 35.0 19.0 23.0 36.0 14.0 -1.0 -1.0 12.0 -1.0 47.0 24.0 
47.0 -1.0 -1.0 13.0 -1.0 10.0 -1.0 -1.0 48.0 15.0 -1.0 -1.0 17.0 -1.0 -1.0 
-1.0 -1.0 -1.0 18.0 -1.0 24.0 14.0 -1.0 -1.0 14.0 17.0 -1.0 -1.0 -1.0 18.0 
41.0 29.0 11.0 38.0 14.0 24.0 -1.0 -1.0 -1.0 -1.0 -1.0 15.0 31.0 -1.0 42.0 
19.0 11.0 -1.0 -1.0 48.0 30.0 37.0 -1.0 34.0 14.0 21.0 -1.0 28.0 -1.0 -1.0 
35.0 -1.0 -1.0 10.0 -1.0 18.0 -1.0 15.0 -1.0 20.0 -1.0 -1.0 -1.0 -1.0 22.0 
21.0 21.0 -1.0 14.0 12.0 -1.0 14.0 32.0 -1.0 -1.0 20.0 14.0 13.0 46.0 -1.0 
-1.0 41.0 19.0 -1.0 49.0 -1.0 -1.0 -1.0 43.0 49.0 -1.0 -1.0 20.0 15.0 33.0 
25.0 -1.0 -1.0 -1.0 23.0 -1.0 -1.0 40.0 -1.0 -1.0 -1.0 47.0 -1.0 -1.0 -1.0 
-1.0 32.0 47.0 48.0 -1.0 -1.0 -1.0 23.0 33.0 -1.0 -1.0 -1.0 -1.0 -1.0 -1.0 
-1.0 33.0 41.0 19.0 -1.0 -1.0 -1.0 -1.0 32.0 11.0 22.0 -1.0 -1.0 19.0 -1.0 
-1.0 33.0 25.0 -1.0 39.0 -1.0 46.0 47.0 -1.0 26.0 -1.0 -1.0 -1.0 -1.0 -1.0 
-1.0 -1.0 -1.0 -1.0 -1.0 -1.0 24.0 32.0 -1.0 -1.0 -1.0 28.0 37.0 -1.0 -1.0 
-1.0 -1.0 -1.0 -1.0 -1.0 18.0 -1.0 -1.0 14.0 -1.0 -1.0 43.0 21.0 43.0 -1.0 
-1.0 24.0 -1.0 -1.0 -1.0 -1.0 -1.0 -1.0 24.0 -1.0 -1.0 29.0 -1.0 36.0 -1.0 
-1.0 39.0 18.0 -1.0 19.0 -1.0 28.0 10.0 24.0 -1.0 -1.0 34.0 10.0 11.0 -1.0 
35.0 15.0 -1.0 -1.0 -1.0 20.0 -1.0 -1.0 21.0 -1.0 -1.0 -1.0 30.0 -1.0 -1.0 
23.0 36.0 -1.0 38.0 40.0 -1.0 10.0 43.0 16.0 28.0 19.0 -1.0 -1.0 -1.0 24.0 
-1.0 20.0 33.0 -1.0 -1.0 23.0 33.0 20.0 -1.0 34.0 -1.0 33.0 39.0 -1.0 28.0 
-1.0 -1.0 11.0 22.0 -1.0 -1.0 20.0 36.0 -1.0 -1.0 41.0 -1.0 37.0 25.0 45.0 
16.0 -1.0 47.0 -1.0 -1.0 -1.0 -1.0 17.0 -1.0 27.0 13.0 -1.0 43.0 11.0 30.0 
-1.0 -1.0 -1.0 41.0 20.0 37.0 -1.0 22.0 25.0 48.0 35.0 40.0 -1.0 31.0 -1.0 
30.0 -1.0 -1.0 22.0 -1.0 -1.0 -1.0 27.0 40.0 22.0 38.0 -1.0 26.0 21.0 -1.0 
34.0 12.0 -1.0 -1.0 28.0 -1.0 -1.0 -1.0 41.0 38.0 11.0 15.0 28.0 -1.0 30.0 
-1.0 31.0 -1.0 45.0 40.0 -1.0 19.0 -1.0 19.0 -1.0 43.0 -1.0 13.0 -1.0 -1.0 
-1.0 48.0 35.0 37.0 -1.0 31.0 -1.0 32.0 -1.0 28.0 33.0 49.0 -1.0 -1.0 20.0 
40.0 28.0 -1.0 26.0 15.0 42.0 -1.0 16.0 46.0 10.0 -1.0 -1.0 -1.0 29.0 -1.0 
48.0 45.0 32.0 -1.0 11.0 20.0 -1.0 48.0 -1.0 -1.0 20.0 -1.0 -1.0 -1.0 -1.0 
-1.0 41.0 11.0 13.0 26.0 -1.0 31.0 -1.0 33.0 -1.0 34.0 -1.0 -1.0 12.0 -1.0 
-1.0 -1.0 -1.0 -1.0 -1.0 24.0 -1.0 32.0 -1.0 15.0 36.0 22.0 34.0 39.0 15.0 
16.0 -1.0 48.0 -1.0 45.0 -1.0 42.0 -1.0 -1.0 10.0 -1.0 -1.0 22.0 39.0 -1.0 
-1.0 -1.0 -1.0 -1.0 -1.0 -1.0 20.0 44.0 -1.0 11.0 19.0 -1.0 -1.0 -1.0 -1.0 
-1.0 26.0 -1.0 -1.0 39.0 22.0 -1.0 -1.0 44.0 42.0 13.0 49.0 -1.0 29.0 -1.0 
-1.0 -1.0 40.0 28.0 48.0 -1.0 -1.0 29.0 -1.0 20.0 48.0 10.0 42.0 -1.0 -1.0 
38.0 39.0 11.0 -1.0 -1.0 -1.0 37.0 -1.0 48.0 -1.0 -1.0 33.0 -1.0 -1.0 35.0 
21.0 29.0 -1.0 -1.0 -1.0 20.0 -1.0 16.0 -1.0 -1.0 -1.0 -1.0 43.0 -1.0 -1.0 
23.0 -1.0 48.0 28.0 50.0 -1.0 -1.0 46.0 41.0 -1.0 13.0 -1.0 35.0 49.0 12.0 
-1.0 -1.0 -1.0 -1.0 -1.0 32.0 39.0 49.0 42.0 10.0 13.0 -1.0 48.0 42.0 21.0 
-1.0 -1.0 -1.0 -1.0 17.0 -1.0 27.0 -1.0 43.0 -1.0 24.0 32.0 32.0 21.0 45.0 
-1.0 13.0 38.0 40.0 -1.0 22.0 47.0 34.0 -1.0 36.0 27.0 36.0 -1.0 -1.0 -1.0 
15.0 36.0 -1.0 -1.0 -1.0 26.0 -1.0 -1.0 -1.0 43.0 49.0 23.0 -1.0 -1.0 36.0 
-1.0 34.0 36.0 32.0 24.0 37.0 50.0 -1.0 -1.0 -1.0 -1.0 -1.0 -1.0 30.0 -1.0 
23.0 -1.0 25.0 -1.0 14.0 30.0 23.0 40.0 -1.0 -1.0 -1.0 -1.0 42.0 29.0 16.0 
-1.0 -1.0 17.0 -1.0 -1.0 -1.0 10.0 42.0 -1.0 -1.0 -1.0 -1.0 -1.0 42.0 -1.0 
-1.0 -1.0 25.0 -1.0 -1.0 -1.0 -1.0 -1.0 45.0 -1.0 -1.0 13.0 42.0 -1.0 -1.0 
-1.0 39.0 -1.0 -1.0 23.0 49.0 -1.0 -1.0 11.0 -1.0 -1.0 -1.0 -1.0 -1.0 -1.0 
-1.0 42.0 -1.0 33.0 -1.0 -1.0 10.0 11.0 -1.0 -1.0 45.0 14.0 -1.0 36.0 -1.0 
-1.0 -1.0 39.0 -1.0 17.0 -1.0 -1.0 45.0 -1.0 42.0 -1.0 -1.0 -1.0 -1.0 14.0 
-1.0 -1.0 -1.0 41.0 44.0 49.0 -1.0 -1.0 31.0 -1.0 40.0 -1.0 -1.0 13.0 43.0 
35.0 -1.0 -1.0 -1.0 -1.0 32.0 24.0 -1.0 -1.0 34.0 -1.0 36.0 -1.0 -1.0 -1.0 
-1.0 -1.0 18.0 14.0 -1.0 -1.0 23.0 49.0 -1.0 -1.0 -1.0 27.0 25.0 -1.0 20.0 
-1.0 -1.0 -1.0 -1.0 15.0 15.0 -1.0 26.0 -1.0 21.0 -1.0 -1.0 -1.0 -1.0 40.0 
-1.0 -1.0 -1.0 -1.0 38.0 20.0 12.0 36.0 -1.0 28.0 33.0 40.0 -1.0 29.0 -1.0 
44.0 14.0 -1.0 -1.0 17.0 12.0 -1.0 -1.0 -1.0 -1.0 47.0 40.0 -1.0 -1.0 -1.0 
-1.0 -1.0 -1.0 -1.0 25.0 -1.0 -1.0 -1.0 35.0 -1.0 39.0 -1.0 18.0 -1.0 -1.0 
-1.0 13.0 11.0 45.0 23.0 18.0 -1.0 -1.0 -1.0 44.0 31.0 -1.0 -1.0 -1.0 -1.0 
11.0 17.0 21.0 -1.0 35.0 38.0 38.0 -1.0 -1.0 32.0 18.0 29.0 17.0 -1.0 -1.0 
20.0 14.0 50.0 22.0 -1.0 50.0 -1.0 -1.0 -1.0 23.0 -1.0 -1.0 44.0 37.0 50.0 
-1.0 -1.0 38.0 -1.0 -1.0 50.0 -1.0 32.0 19.0 20.0 -1.0 -1.0 -1.0 17.0 18.0 
-1.0 -1.0 -1.0 -1.0 -1.0 47.0 37.0 -1.0 -1.0 -1.0 38.0 40.0 -1.0 -1.0 -1.0 
18.0 -1.0 -1.0 -1.0 -1.0 14.0 -1.0 42.0 25.0 15.0 -1.0 11.0 17.0 31.0 -1.0 
-1.0 13.0 -1.0 17.0 -1.0 -1.0 -1.0 13.0 -1.0 12.0 -1.0 20.0 -1.0 -1.0 -1.0 
-1.0 -1.0 -1.0 38.0 37.0 -1.0 12.0 -1.0 -1.0 21.0 26.0 -1.0 -1.0 30.0 -1.0 
24.0 30.0 -1.0 47.0 -1.0 21.0 -1.0 -1.0 -1.0 31.0 18.0 -1.0 -1.0 -1.0 -1.0 
-1.0 -1.0 32.0 -1.0 25.0 -1.0 -1.0 19.0 30.0 -1.0 -1.0 -1.0 -1.0 -1.0 21.0 
15.0 -1.0 -1.0 -1.0 -1.0 -1.0 39.0 17.0 16.0 19.0 -1.0 32.0 -1.0 -1.0 32.0 
-1.0 25.0 26.0 47.0 19.0 -1.0 12.0 -1.0 -1.0 15.0 -1.0 -1.0 -1.0 -1.0 36.0 
25.0 46.0 50.0 -1.0 -1.0 -1.0 34.0 -1.0 34.0 -1.0 -1.0 14.0 -1.0 -1.0 -1.0 
-1.0 46.0 24.0 42.0 -1.0 -1.0 22.0 -1.0 -1.0 -1.0 -1.0 -1.0 -1.0 50.0 -1.0 
-1.0 -1.0 34.0 24.0 31.0 43.0 -1.0 26.0 17.0 39.0 11.0 10.0 -1.0 -1.0 21.0 
-1.0 -1.0 23.0 -1.0 23.0 29.0 50.0 10.0 -1.0 -1.0 -1.0 31.0 -1.0 25.0 -1.0 
-1.0 13.0 44.0 -1.0 41.0 -1.0 45.0 26.0 -1.0 -1.0 -1.0 -1.0 38.0 16.0 -1.0 
-1.0 19.0 40.0 -1.0 -1.0 44.0 -1.0 -1.0 36.0 -1.0 -1.0 -1.0 -1.0 -1.0 -1.0 
38.0 10.0 -1.0 -1.0 -1.0 17.0 47.0 -1.0 23.0 10.0 18.0 30.0 -1.0 -1.0 -1.0 
-1.0 30.0 46.0 -1.0 -1.0 -1.0 -1.0 -1.0 -1.0 12.0 -1.0 -1.0 19.0 -1.0 -1.0 
-1.0 -1.0 -1.0 31.0 44.0 47.0 -1.0 -1.0 -1.0 -1.0 -1.0 22.0 -1.0 -1.0 -1.0 
49.0 -1.0 38.0 30.0 41.0 26.0 42.0 -1.0 -1.0 44.0 -1.0 -1.0 -1.0 19.0 45.0 
-1.0 47.0 24.0 28.0 -1.0 33.0 -1.0 -1.0 -1.0 -1.0 -1.0 43.0 -1.0 38.0 -1.0 
15.0 26.0 49.0 11.0 20.0 -1.0 -1.0 -1.0 -1.0 32.0 -1.0 -1.0 21.0 -1.0 23.0 
-1.0 -1.0 -1.0 -1.0 19.0 -1.0 12.0 -1.0 -1.0 -1.0 39.0 -1.0 -1.0 22.0 -1.0 
11.0 10.0 28.0 17.0 -1.0 25.0 -1.0 -1.0 -1.0 19.0 17.0 38.0 -1.0 43.0 19.0 
18.0 -1.0 10.0 44.0 20.0 20.0 -1.0 30.0 -1.0 31.0 -1.0 10.0 -1.0 -1.0 14.0 
29.0 35.0 -1.0 -1.0 -1.0 23.0 28.0 -1.0 -1.0 -1.0 -1.0 -1.0 -1.0 25.0 -1.0 
12.0 13.0 -1.0 -1.0 39.0 -1.0 10.0 34.0 13.0 44.0 -1.0 24.0 41.0 -1.0 37.0 
30.0 -1.0 -1.0 -1.0 -1.0 11.0 26.0 18.0 -1.0 14.0 22.0 48.0 38.0 12.0 34.0 
39.0 -1.0 33.0 -1.0 -1.0 -1.0 44.0 -1.0 46.0 43.0 -1.0 -1.0 26.0 36.0 -1.0 
45.0 43.0 -1.0 -1.0 13.0 41.0 49.0 -1.0 -1.0 20.0 -1.0 -1.0 -1.0 27.0 43.0 
14.0 -1.0 -1.0 -1.0 18.0 -1.0 44.0 -1.0 17.0 49.0 -1.0 18.0 -1.0 -1.0 19.0 
25.0 -1.0 -1.0 -1.0 -1.0 -1.0 15.0 14.0 -1.0 -1.0 27.0 -1.0 22.0 41.0 25.0 
