***n m*** 
30 15 
***h*** 
14 12 12 10 10 9 5 14 14 5 15 15 11 5 15 11 13 11 15 10 8 9 8 14 12 13 13 8 6 9 
***d*** 
573.29 797.8 1237.32 542.37 139.32 939.82 1146.28 1232.71 984.55 1110.67 999.57 561.34 823.69 125.11 141.39 138.19 972.2 827.51 847.08 1236.8 808.69 529.49 904.81 990.46 137.38 557.37 831.73 768.52 496.46 798.38 
***M*** 
15 3 8 2 
11 7 3 12 6 
7 12 5 6 10 14 
2 1 15 9 10 13 3 6 
15 5 3 10 4 12 2 14 
9 2 7 13 3 14 
1 9 13 3 14 6 10 15 8 5 
10 6 13 12 4 2 11 
13 5 1 4 6 11 3 8 
2 9 3 13 7 8 4 10 1 5 
6 12 11 8 13 15 3 
11 3 4 2 10 8 
9 12 11 7 10 2 13 8 
9 8 3 1 
4 14 9 2 11 12 3 6 7 1 
11 8 14 13 1 4 
6 5 9 1 8 
11 8 5 2 14 12 3 10 
6 14 1 5 
10 12 13 5 9 1 
6 15 4 10 13 8 3 5 12 14 
15 3 6 10 5 9 7 13 
7 9 3 12 10 14 8 2 
11 10 6 8 
14 15 6 5 13 
7 4 8 14 10 9 2 3 1 12 
6 15 5 12 4 2 14 9 11 
13 14 7 2 12 11 3 9 
14 8 9 15 
13 5 1 7 2 8 11 9 3 12 
11 12 6 4 13 
2 9 15 11 12 6 3 
14 6 15 12 9 2 7 3 5 1 
1 14 6 10 7 9 
1 5 3 14 
1 5 12 6 7 14 11 
6 8 11 9 12 1 4 13 2 
13 9 15 3 11 12 10 1 
1 15 3 7 6 8 11 4 13 
12 8 5 3 6 1 15 
11 5 2 1 14 
5 15 8 12 
2 7 5 10 4 15 6 12 1 
10 6 4 15 5 9 14 3 
11 3 5 12 14 2 15 8 1 
8 5 15 13 6 3 
12 8 5 14 4 2 9 3 6 10 
10 8 4 6 15 2 14 7 13 
11 7 14 8 
15 6 7 14 4 12 
14 4 15 9 10 2 1 12 13 
14 4 9 12 
1 11 13 5 14 15 10 
10 8 12 7 3 
11 5 14 1 
13 4 11 5 1 6 3 9 
2 5 15 1 10 14 12 3 
9 8 7 11 5 2 4 12 13 14 
13 10 2 11 7 15 
4 13 2 15 7 1 14 10 5 11 
4 8 1 14 9 10 
8 7 6 11 9 2 14 5 12 
9 7 13 3 1 4 10 2 
5 3 6 2 
15 12 4 2 14 8 9 
15 12 7 2 10 
14 5 11 7 12 1 9 3 4 15 
6 2 9 14 4 5 
10 15 2 5 3 
12 10 7 4 13 14 2 15 
3 10 15 8 2 1 11 6 14 
4 12 10 13 9 3 
13 1 10 8 7 9 2 14 
1 10 9 11 15 4 2 3 6 14 
15 11 8 10 
9 4 11 14 7 10 
10 8 7 12 5 14 9 1 2 3 
3 1 9 2 15 13 12 8 4 11 
14 1 5 6 13 
2 9 13 15 10 
14 3 9 8 
14 3 11 4 15 7 
11 4 9 8 3 
10 1 8 13 
9 2 7 8 15 
10 3 11 4 7 6 
5 2 1 14 3 
2 5 13 4 15 8 14 10 12 
13 10 15 12 2 14 9 
8 10 4 5 6 15 11 7 
10 8 14 3 6 2 11 1 
6 2 14 10 15 7 8 12 11 
12 6 3 7 1 
3 2 1 15 10 12 5 4 
1 6 4 8 
9 10 1 2 7 14 8 11 5 
2 8 3 13 14 4 7 11 
12 8 7 4 9 5 14 1 
8 4 5 9 2 
9 5 12 10 
2 5 12 9 7 14 6 11 15 4 
5 6 9 4 2 13 
2 9 8 11 10 4 
11 14 5 2 7 10 
7 5 13 12 14 6 15 11 4 1 
1 15 6 9 2 12 
15 9 12 8 7 1 
9 10 13 4 7 12 
3 2 13 10 6 1 11 15 
12 3 10 13 4 1 7 
1 13 6 5 4 12 3 7 
14 9 15 5 1 
10 6 2 15 12 3 13 
3 5 6 8 13 7 2 14 12 11 
8 4 14 13 2 6 3 15 12 
4 5 9 11 13 12 10 15 
15 12 8 6 10 9 1 
4 5 3 14 7 11 6 2 
6 10 2 15 8 14 4 11 5 
5 15 2 7 11 12 4 8 6 
5 2 15 3 11 1 6 10 4 13 
14 15 2 1 10 5 
4 13 11 5 1 8 9 
10 5 11 9 12 
4 11 3 13 1 6 15 12 2 
12 11 13 7 4 6 8 
3 4 2 11 1 13 14 12 
7 10 2 5 8 9 15 14 11 
14 10 3 12 4 13 9 11 
7 12 10 11 4 6 14 5 
1 9 14 2 7 10 
15 10 8 4 5 14 11 3 
13 12 1 15 2 4 9 8 7 
10 6 1 13 7 3 12 9 4 
10 15 14 2 12 13 11 4 1 
1 2 9 11 4 13 15 5 14 7 
9 7 6 12 13 4 8 2 1 
5 8 10 11 4 6 3 
11 15 9 10 4 7 5 3 14 
11 1 2 5 15 7 6 13 9 4 
5 15 12 1 11 13 9 6 
6 4 10 14 7 15 
7 2 8 15 10 
7 1 8 3 14 6 13 
7 13 6 15 
6 14 3 11 10 12 2 15 
3 4 5 14 7 
4 13 14 15 9 1 8 6 2 
1 15 9 11 
12 6 4 15 13 7 2 
5 7 15 10 11 8 14 
15 5 3 11 1 9 2 
11 5 10 9 3 12 14 7 13 15 
6 13 4 8 11 5 10 7 
9 3 5 15 4 8 1 2 
3 5 10 14 8 4 13 
10 4 7 5 2 3 9 12 8 13 
9 10 5 11 4 6 14 7 15 
4 2 3 1 5 8 9 10 7 12 
11 12 14 5 8 4 
12 11 9 7 13 5 
14 6 10 4 7 13 1 
7 6 5 9 15 13 
6 11 3 5 7 9 10 2 12 
3 9 12 5 1 
4 6 14 11 2 10 13 
6 2 7 12 
13 9 10 5 15 11 2 12 1 
11 15 2 5 1 13 12 3 
9 8 3 5 13 
7 9 14 6 1 10 11 5 
9 5 1 14 
5 1 4 3 6 7 12 2 
5 14 10 11 12 13 2 
1 13 11 7 2 12 8 
9 15 4 13 10 7 8 3 
14 10 2 9 5 7 1 11 4 13 
13 9 15 2 5 7 6 1 
2 8 12 6 1 7 9 3 
15 11 8 3 1 13 7 
13 12 9 15 4 11 
11 8 15 6 7 3 1 
11 13 6 2 5 4 14 1 
11 12 5 9 6 15 3 13 7 1 
5 15 7 12 4 14 2 
6 4 7 9 8 3 
7 11 12 14 1 
13 1 8 14 3 
4 6 12 15 9 13 14 
13 11 5 6 8 
4 14 12 10 11 5 2 
6 15 1 7 
15 9 8 14 12 
6 2 15 7 
11 3 6 10 
9 4 8 7 5 3 
14 10 12 15 11 
10 1 11 12 4 
3 9 11 7 8 
10 9 12 4 6 11 
5 9 13 8 4 6 11 
5 6 3 1 10 
8 11 7 3 
10 7 9 2 8 
4 5 14 6 7 11 10 12 8 3 
7 4 6 15 1 10 
5 15 2 14 10 3 4 8 
7 3 11 2 1 13 15 14 8 12 
5 14 6 13 
10 11 2 12 1 5 15 
12 14 9 15 2 3 5 4 1 
12 4 11 14 8 15 1 5 
10 4 7 1 8 2 3 11 
10 11 5 1 14 2 6 4 8 
2 3 1 12 15 6 9 8 7 
2 14 13 3 15 4 7 
11 12 1 13 6 15 9 7 
12 8 7 10 2 3 15 5 1 
5 15 6 9 13 4 7 8 11 2 
5 11 6 12 3 2 13 15 
11 5 12 6 4 8 10 14 2 
15 6 9 2 
10 12 6 7 
1 10 14 9 4 
3 6 14 15 4 11 1 
7 4 12 3 10 8 6 
4 12 15 2 10 9 8 3 7 
12 13 3 15 
3 12 9 5 7 
13 6 8 9 7 5 11 10 
4 15 1 2 7 
11 15 5 7 12 9 6 4 
3 8 14 11 9 4 
12 1 6 13 14 
11 8 5 2 10 
11 8 12 10 15 4 
12 11 13 2 10 1 6 
7 4 9 14 15 
5 2 7 12 3 14 11 
15 10 7 14 8 4 11 
15 14 8 6 13 7 9 5 10 1 
12 3 6 14 7 10 2 
7 10 5 11 
3 7 11 8 6 
5 10 12 1 7 9 
12 13 11 2 4 1 7 9 
13 4 8 1 10 12 
8 7 12 9 1 3 4 10 
7 11 8 12 9 5 2 10 
15 1 8 12 14 9 
3 5 8 7 
6 15 4 5 3 9 11 14 
13 12 1 4 14 2 8 11 
12 8 9 15 7 
12 9 2 3 6 15 4 5 10 14 
13 8 10 2 15 7 12 1 3 
1 2 8 14 5 4 10 3 15 7 
11 4 7 14 9 
6 11 4 8 2 9 3 13 1 12 
15 1 3 9 
8 4 7 1 
14 5 2 15 10 
6 4 5 15 3 11 
9 12 14 1 3 2 
3 8 13 12 1 10 
15 9 1 4 12 10 6 
14 4 5 13 7 3 8 
7 15 8 2 3 11 1 4 
2 5 4 10 14 12 11 3 6 8 
5 15 9 10 6 3 1 2 14 13 
12 2 15 9 7 5 11 13 
1 10 7 12 9 14 
13 14 6 5 9 2 10 7 
3 1 4 2 6 
6 14 8 4 9 7 15 
10 6 7 5 15 9 1 
7 2 8 11 
14 6 1 13 15 12 10 
8 7 3 4 1 6 12 10 11 
7 3 1 9 14 11 
14 1 3 7 12 
9 11 6 3 14 1 
6 5 1 9 10 12 11 2 3 7 
1 7 8 11 
3 10 1 5 6 12 13 7 
2 13 6 4 7 1 14 10 9 
8 1 10 13 11 4 5 7 3 9 
3 2 5 1 12 7 9 
5 11 4 15 7 8 1 
9 15 12 5 6 11 2 13 1 14 
15 4 7 14 1 3 
1 12 3 7 
6 1 3 7 
5 10 14 3 4 12 7 15 13 
1 14 3 4 11 12 
14 9 4 8 6 
9 10 1 4 14 5 15 3 2 
12 6 11 9 
14 6 13 12 
12 1 9 15 2 10 7 
8 11 10 13 9 2 14 12 4 5 
7 4 6 5 10 1 8 3 14 12 
4 2 12 3 1 7 6 
12 9 15 11 4 
3 14 4 7 12 
3 2 8 12 
4 15 14 7 10 1 11 
11 13 4 8 3 12 6 2 10 
8 15 2 3 7 11 12 13 5 
9 6 4 15 11 13 
1 2 14 13 10 9 
4 7 15 13 11 10 1 12 9 14 
7 9 5 2 11 10 4 12 1 
10 3 7 4 15 11 8 9 1 2 
9 11 15 8 7 6 4 2 13 
1 12 15 3 5 10 2 8 
6 7 1 5 2 8 12 10 3 4 
5 15 13 4 10 3 9 
3 9 4 14 
12 14 7 4 3 9 10 13 15 
5 2 9 4 3 
14 1 9 6 4 10 3 12 
8 9 4 10 
1 3 10 7 13 9 14 4 
9 15 11 6 1 10 13 
1 12 10 11 
***P*** 
-1.0 18.0 12.0 -1.0 -1.0 -1.0 -1.0 10.0 -1.0 -1.0 -1.0 -1.0 -1.0 -1.0 33.0 
-1.0 -1.0 35.0 -1.0 -1.0 28.0 17.0 -1.0 -1.0 -1.0 49.0 50.0 -1.0 -1.0 -1.0 
-1.0 -1.0 -1.0 -1.0 32.0 45.0 49.0 -1.0 -1.0 26.0 -1.0 25.0 -1.0 46.0 -1.0 
21.0 27.0 48.0 -1.0 -1.0 49.0 -1.0 -1.0 14.0 49.0 -1.0 -1.0 40.0 -1.0 25.0 
-1.0 12.0 20.0 46.0 49.0 -1.0 -1.0 -1.0 -1.0 44.0 -1.0 27.0 -1.0 27.0 18.0 
-1.0 26.0 11.0 -1.0 -1.0 -1.0 31.0 -1.0 26.0 -1.0 -1.0 -1.0 37.0 48.0 -1.0 
27.0 -1.0 44.0 -1.0 22.0 20.0 -1.0 14.0 36.0 26.0 -1.0 -1.0 14.0 46.0 47.0 
-1.0 34.0 -1.0 14.0 -1.0 45.0 -1.0 -1.0 -1.0 21.0 19.0 10.0 32.0 -1.0 -1.0 
38.0 -1.0 11.0 23.0 27.0 43.0 -1.0 35.0 -1.0 -1.0 30.0 -1.0 16.0 -1.0 -1.0 
12.0 49.0 27.0 49.0 20.0 -1.0 11.0 21.0 26.0 20.0 -1.0 -1.0 12.0 -1.0 -1.0 
-1.0 -1.0 44.0 -1.0 -1.0 11.0 -1.0 22.0 -1.0 -1.0 17.0 35.0 19.0 -1.0 34.0 
-1.0 23.0 35.0 17.0 -1.0 -1.0 -1.0 42.0 -1.0 27.0 33.0 -1.0 -1.0 -1.0 -1.0 
-1.0 28.0 -1.0 -1.0 -1.0 -1.0 46.0 36.0 45.0 28.0 41.0 15.0 40.0 -1.0 -1.0 
43.0 -1.0 48.0 -1.0 -1.0 -1.0 -1.0 33.0 27.0 -1.0 -1.0 -1.0 -1.0 -1.0 -1.0 
12.0 39.0 24.0 15.0 -1.0 45.0 31.0 -1.0 33.0 -1.0 16.0 40.0 -1.0 45.0 -1.0 
25.0 -1.0 -1.0 11.0 -1.0 -1.0 -1.0 50.0 -1.0 -1.0 16.0 -1.0 43.0 10.0 -1.0 
18.0 -1.0 -1.0 -1.0 23.0 46.0 -1.0 23.0 49.0 -1.0 -1.0 -1.0 -1.0 -1.0 -1.0 
-1.0 32.0 13.0 -1.0 36.0 -1.0 -1.0 22.0 -1.0 42.0 26.0 34.0 -1.0 14.0 -1.0 
36.0 -1.0 -1.0 -1.0 11.0 33.0 -1.0 -1.0 -1.0 -1.0 -1.0 -1.0 -1.0 45.0 -1.0 
49.0 -1.0 -1.0 -1.0 37.0 -1.0 -1.0 -1.0 30.0 27.0 -1.0 15.0 42.0 -1.0 -1.0 
-1.0 -1.0 38.0 12.0 42.0 11.0 -1.0 43.0 -1.0 18.0 -1.0 16.0 16.0 33.0 26.0 
-1.0 -1.0 32.0 -1.0 24.0 25.0 44.0 -1.0 24.0 39.0 -1.0 -1.0 19.0 -1.0 27.0 
-1.0 27.0 44.0 -1.0 -1.0 -1.0 48.0 33.0 47.0 50.0 -1.0 24.0 -1.0 41.0 -1.0 
-1.0 -1.0 -1.0 -1.0 -1.0 10.0 -1.0 48.0 -1.0 32.0 17.0 -1.0 -1.0 -1.0 -1.0 
-1.0 -1.0 -1.0 -1.0 29.0 44.0 -1.0 -1.0 -1.0 -1.0 -1.0 -1.0 50.0 22.0 29.0 
36.0 16.0 50.0 33.0 -1.0 -1.0 13.0 33.0 20.0 33.0 -1.0 42.0 -1.0 23.0 -1.0 
-1.0 12.0 -1.0 13.0 36.0 48.0 -1.0 -1.0 45.0 -1.0 38.0 22.0 -1.0 40.0 50.0 
-1.0 47.0 34.0 -1.0 -1.0 -1.0 33.0 -1.0 22.0 -1.0 40.0 22.0 15.0 42.0 -1.0 
-1.0 -1.0 -1.0 -1.0 -1.0 -1.0 -1.0 37.0 22.0 -1.0 -1.0 -1.0 -1.0 19.0 38.0 
30.0 43.0 46.0 -1.0 39.0 -1.0 27.0 37.0 27.0 -1.0 36.0 15.0 28.0 -1.0 -1.0 
-1.0 -1.0 -1.0 11.0 -1.0 33.0 -1.0 -1.0 -1.0 -1.0 44.0 35.0 22.0 -1.0 -1.0 
-1.0 49.0 15.0 -1.0 -1.0 33.0 -1.0 -1.0 13.0 -1.0 28.0 34.0 -1.0 -1.0 16.0 
25.0 41.0 44.0 -1.0 20.0 21.0 44.0 -1.0 27.0 -1.0 -1.0 39.0 -1.0 12.0 35.0 
37.0 -1.0 -1.0 -1.0 -1.0 16.0 20.0 -1.0 31.0 11.0 -1.0 -1.0 -1.0 17.0 -1.0 
35.0 -1.0 37.0 -1.0 32.0 -1.0 -1.0 -1.0 -1.0 -1.0 -1.0 -1.0 -1.0 27.0 -1.0 
10.0 -1.0 -1.0 -1.0 34.0 36.0 37.0 -1.0 -1.0 -1.0 37.0 36.0 -1.0 48.0 -1.0 
17.0 28.0 -1.0 10.0 -1.0 33.0 -1.0 38.0 35.0 -1.0 33.0 47.0 46.0 -1.0 -1.0 
32.0 -1.0 33.0 -1.0 -1.0 -1.0 -1.0 -1.0 12.0 41.0 18.0 26.0 17.0 -1.0 32.0 
47.0 -1.0 35.0 28.0 -1.0 16.0 13.0 38.0 -1.0 -1.0 38.0 -1.0 24.0 -1.0 12.0 
39.0 -1.0 40.0 -1.0 20.0 50.0 -1.0 29.0 -1.0 -1.0 -1.0 19.0 -1.0 -1.0 16.0 
27.0 48.0 -1.0 -1.0 36.0 -1.0 -1.0 -1.0 -1.0 -1.0 28.0 -1.0 -1.0 10.0 -1.0 
-1.0 -1.0 -1.0 -1.0 31.0 -1.0 -1.0 46.0 -1.0 -1.0 -1.0 48.0 -1.0 -1.0 35.0 
29.0 25.0 -1.0 20.0 43.0 32.0 19.0 -1.0 -1.0 11.0 -1.0 27.0 -1.0 -1.0 28.0 
-1.0 -1.0 12.0 17.0 22.0 11.0 -1.0 -1.0 23.0 15.0 -1.0 -1.0 -1.0 10.0 23.0 
22.0 38.0 42.0 -1.0 33.0 -1.0 -1.0 23.0 -1.0 -1.0 50.0 46.0 -1.0 10.0 14.0 
-1.0 -1.0 11.0 -1.0 44.0 31.0 -1.0 46.0 -1.0 -1.0 -1.0 -1.0 32.0 -1.0 26.0 
-1.0 40.0 22.0 32.0 28.0 43.0 -1.0 28.0 40.0 49.0 -1.0 10.0 -1.0 49.0 -1.0 
-1.0 29.0 -1.0 19.0 -1.0 43.0 20.0 37.0 -1.0 19.0 -1.0 -1.0 26.0 33.0 30.0 
-1.0 -1.0 -1.0 -1.0 -1.0 -1.0 43.0 15.0 -1.0 -1.0 26.0 -1.0 -1.0 20.0 -1.0 
-1.0 -1.0 -1.0 20.0 -1.0 23.0 40.0 -1.0 -1.0 -1.0 -1.0 47.0 -1.0 50.0 30.0 
31.0 50.0 -1.0 16.0 -1.0 -1.0 -1.0 -1.0 43.0 10.0 -1.0 48.0 13.0 42.0 30.0 
-1.0 -1.0 -1.0 20.0 -1.0 -1.0 -1.0 -1.0 43.0 -1.0 -1.0 28.0 -1.0 31.0 -1.0 
49.0 -1.0 -1.0 -1.0 28.0 -1.0 -1.0 -1.0 -1.0 50.0 27.0 -1.0 45.0 17.0 36.0 
-1.0 -1.0 18.0 -1.0 -1.0 -1.0 48.0 43.0 -1.0 25.0 -1.0 49.0 -1.0 -1.0 -1.0 
35.0 -1.0 -1.0 -1.0 42.0 -1.0 -1.0 -1.0 -1.0 -1.0 22.0 -1.0 -1.0 50.0 -1.0 
38.0 -1.0 42.0 29.0 46.0 17.0 -1.0 -1.0 26.0 -1.0 48.0 -1.0 23.0 -1.0 -1.0 
30.0 42.0 42.0 -1.0 12.0 -1.0 -1.0 -1.0 -1.0 20.0 -1.0 30.0 -1.0 17.0 13.0 
-1.0 37.0 -1.0 38.0 31.0 -1.0 35.0 49.0 38.0 -1.0 11.0 10.0 43.0 26.0 -1.0 
-1.0 39.0 -1.0 -1.0 -1.0 -1.0 15.0 -1.0 -1.0 23.0 10.0 -1.0 33.0 -1.0 28.0 
29.0 27.0 -1.0 21.0 28.0 -1.0 47.0 -1.0 -1.0 40.0 45.0 -1.0 49.0 19.0 44.0 
26.0 -1.0 -1.0 17.0 -1.0 -1.0 -1.0 41.0 39.0 20.0 -1.0 -1.0 -1.0 20.0 -1.0 
-1.0 36.0 -1.0 -1.0 48.0 10.0 26.0 14.0 34.0 -1.0 47.0 16.0 -1.0 11.0 -1.0 
33.0 14.0 44.0 44.0 -1.0 -1.0 43.0 -1.0 19.0 17.0 -1.0 -1.0 23.0 -1.0 -1.0 
-1.0 17.0 41.0 -1.0 38.0 46.0 -1.0 -1.0 -1.0 -1.0 -1.0 -1.0 -1.0 -1.0 -1.0 
-1.0 49.0 -1.0 15.0 -1.0 -1.0 -1.0 44.0 22.0 -1.0 -1.0 23.0 -1.0 49.0 23.0 
-1.0 25.0 -1.0 -1.0 -1.0 -1.0 41.0 -1.0 -1.0 43.0 -1.0 26.0 -1.0 -1.0 38.0 
11.0 -1.0 50.0 23.0 20.0 -1.0 27.0 -1.0 29.0 -1.0 16.0 38.0 -1.0 44.0 39.0 
-1.0 43.0 -1.0 13.0 34.0 37.0 -1.0 -1.0 50.0 -1.0 -1.0 -1.0 -1.0 12.0 -1.0 
-1.0 40.0 29.0 -1.0 30.0 -1.0 -1.0 -1.0 -1.0 50.0 -1.0 -1.0 -1.0 -1.0 27.0 
-1.0 28.0 -1.0 13.0 -1.0 -1.0 30.0 -1.0 -1.0 43.0 -1.0 27.0 45.0 16.0 38.0 
43.0 13.0 10.0 -1.0 -1.0 46.0 -1.0 20.0 -1.0 30.0 48.0 -1.0 -1.0 44.0 33.0 
-1.0 -1.0 14.0 43.0 -1.0 -1.0 -1.0 -1.0 32.0 23.0 -1.0 13.0 45.0 -1.0 -1.0 
23.0 34.0 -1.0 -1.0 -1.0 -1.0 38.0 50.0 41.0 28.0 -1.0 -1.0 18.0 20.0 -1.0 
27.0 10.0 24.0 49.0 -1.0 10.0 -1.0 -1.0 29.0 46.0 46.0 -1.0 -1.0 18.0 30.0 
-1.0 -1.0 -1.0 -1.0 -1.0 -1.0 -1.0 31.0 -1.0 28.0 19.0 -1.0 -1.0 -1.0 40.0 
-1.0 -1.0 -1.0 35.0 -1.0 -1.0 14.0 -1.0 10.0 10.0 22.0 -1.0 -1.0 35.0 -1.0 
30.0 21.0 45.0 -1.0 46.0 -1.0 19.0 12.0 13.0 28.0 -1.0 16.0 -1.0 31.0 -1.0 
14.0 23.0 17.0 15.0 -1.0 -1.0 -1.0 38.0 28.0 -1.0 18.0 14.0 16.0 -1.0 39.0 
23.0 -1.0 -1.0 -1.0 48.0 25.0 -1.0 -1.0 -1.0 -1.0 -1.0 -1.0 16.0 50.0 -1.0 
-1.0 26.0 -1.0 -1.0 -1.0 -1.0 -1.0 -1.0 40.0 40.0 -1.0 -1.0 41.0 -1.0 13.0 
-1.0 -1.0 15.0 -1.0 -1.0 -1.0 -1.0 19.0 36.0 -1.0 -1.0 -1.0 -1.0 23.0 -1.0 
-1.0 -1.0 46.0 47.0 -1.0 -1.0 15.0 -1.0 -1.0 -1.0 42.0 -1.0 -1.0 40.0 14.0 
-1.0 -1.0 23.0 30.0 -1.0 -1.0 -1.0 26.0 40.0 -1.0 47.0 -1.0 -1.0 -1.0 -1.0 
50.0 -1.0 -1.0 -1.0 -1.0 -1.0 -1.0 12.0 -1.0 21.0 -1.0 -1.0 46.0 -1.0 -1.0 
-1.0 46.0 -1.0 -1.0 -1.0 -1.0 20.0 29.0 13.0 -1.0 -1.0 -1.0 -1.0 -1.0 50.0 
-1.0 -1.0 45.0 27.0 -1.0 33.0 24.0 -1.0 -1.0 10.0 28.0 -1.0 -1.0 -1.0 -1.0 
46.0 30.0 28.0 -1.0 48.0 -1.0 -1.0 -1.0 -1.0 -1.0 -1.0 -1.0 -1.0 19.0 -1.0 
-1.0 38.0 -1.0 35.0 38.0 -1.0 -1.0 10.0 -1.0 32.0 -1.0 24.0 34.0 30.0 46.0 
-1.0 29.0 -1.0 -1.0 -1.0 -1.0 -1.0 -1.0 11.0 34.0 -1.0 25.0 44.0 43.0 47.0 
-1.0 -1.0 -1.0 44.0 39.0 21.0 22.0 14.0 -1.0 46.0 49.0 -1.0 -1.0 -1.0 35.0 
13.0 28.0 16.0 -1.0 -1.0 38.0 -1.0 46.0 -1.0 27.0 37.0 -1.0 -1.0 39.0 -1.0 
-1.0 30.0 -1.0 -1.0 -1.0 35.0 18.0 34.0 -1.0 17.0 14.0 15.0 -1.0 42.0 25.0 
12.0 -1.0 41.0 -1.0 -1.0 44.0 24.0 -1.0 -1.0 -1.0 -1.0 14.0 -1.0 -1.0 -1.0 
48.0 42.0 44.0 19.0 39.0 -1.0 -1.0 -1.0 -1.0 32.0 -1.0 28.0 -1.0 -1.0 12.0 
48.0 -1.0 -1.0 50.0 -1.0 13.0 -1.0 25.0 -1.0 -1.0 -1.0 -1.0 -1.0 -1.0 -1.0 
35.0 31.0 -1.0 -1.0 12.0 -1.0 48.0 21.0 20.0 41.0 25.0 -1.0 -1.0 30.0 -1.0 
-1.0 39.0 31.0 11.0 -1.0 -1.0 13.0 20.0 -1.0 -1.0 32.0 -1.0 34.0 46.0 -1.0 
15.0 -1.0 -1.0 38.0 20.0 -1.0 46.0 41.0 20.0 -1.0 -1.0 20.0 -1.0 11.0 -1.0 
-1.0 15.0 -1.0 36.0 39.0 -1.0 -1.0 14.0 10.0 -1.0 -1.0 -1.0 -1.0 -1.0 -1.0 
-1.0 -1.0 -1.0 -1.0 31.0 -1.0 -1.0 -1.0 50.0 27.0 -1.0 33.0 -1.0 -1.0 -1.0 
-1.0 30.0 -1.0 24.0 16.0 27.0 18.0 -1.0 29.0 -1.0 35.0 36.0 -1.0 50.0 31.0 
-1.0 19.0 -1.0 50.0 45.0 43.0 -1.0 -1.0 35.0 -1.0 -1.0 -1.0 35.0 -1.0 -1.0 
-1.0 26.0 -1.0 48.0 -1.0 -1.0 -1.0 27.0 17.0 11.0 11.0 -1.0 -1.0 -1.0 -1.0 
-1.0 34.0 -1.0 -1.0 22.0 -1.0 26.0 -1.0 -1.0 42.0 11.0 -1.0 -1.0 23.0 -1.0 
13.0 -1.0 -1.0 25.0 19.0 36.0 26.0 -1.0 -1.0 -1.0 12.0 46.0 40.0 41.0 46.0 
15.0 44.0 -1.0 -1.0 -1.0 46.0 -1.0 -1.0 19.0 -1.0 -1.0 34.0 -1.0 -1.0 43.0 
10.0 -1.0 -1.0 -1.0 -1.0 -1.0 10.0 41.0 39.0 -1.0 -1.0 50.0 -1.0 -1.0 48.0 
-1.0 -1.0 -1.0 30.0 -1.0 -1.0 21.0 -1.0 27.0 36.0 -1.0 47.0 38.0 -1.0 -1.0 
47.0 41.0 12.0 -1.0 -1.0 40.0 -1.0 -1.0 -1.0 26.0 38.0 -1.0 49.0 -1.0 43.0 
30.0 -1.0 30.0 14.0 -1.0 -1.0 20.0 -1.0 -1.0 50.0 -1.0 49.0 48.0 -1.0 -1.0 
28.0 -1.0 33.0 15.0 39.0 31.0 36.0 -1.0 -1.0 -1.0 -1.0 41.0 11.0 -1.0 -1.0 
21.0 -1.0 -1.0 -1.0 33.0 -1.0 -1.0 -1.0 25.0 -1.0 -1.0 -1.0 -1.0 25.0 11.0 
-1.0 10.0 11.0 -1.0 -1.0 15.0 -1.0 -1.0 -1.0 43.0 -1.0 41.0 14.0 -1.0 38.0 
-1.0 20.0 42.0 -1.0 20.0 12.0 31.0 43.0 -1.0 -1.0 29.0 49.0 50.0 10.0 -1.0 
-1.0 17.0 49.0 15.0 -1.0 10.0 -1.0 16.0 -1.0 -1.0 -1.0 30.0 32.0 37.0 24.0 
-1.0 -1.0 -1.0 40.0 50.0 -1.0 -1.0 -1.0 13.0 20.0 38.0 49.0 30.0 -1.0 24.0 
31.0 -1.0 -1.0 -1.0 -1.0 40.0 -1.0 29.0 30.0 48.0 -1.0 18.0 -1.0 -1.0 41.0 
-1.0 15.0 35.0 33.0 28.0 10.0 13.0 -1.0 -1.0 -1.0 26.0 -1.0 -1.0 32.0 -1.0 
-1.0 22.0 -1.0 35.0 31.0 44.0 -1.0 49.0 -1.0 12.0 28.0 -1.0 -1.0 44.0 18.0 
-1.0 34.0 -1.0 20.0 48.0 26.0 12.0 24.0 -1.0 -1.0 19.0 28.0 -1.0 -1.0 16.0 
42.0 21.0 41.0 37.0 42.0 30.0 -1.0 -1.0 -1.0 21.0 42.0 -1.0 13.0 -1.0 33.0 
42.0 49.0 -1.0 -1.0 47.0 -1.0 -1.0 -1.0 -1.0 43.0 -1.0 -1.0 -1.0 11.0 44.0 
21.0 -1.0 -1.0 34.0 42.0 -1.0 -1.0 28.0 17.0 -1.0 39.0 -1.0 28.0 -1.0 -1.0 
-1.0 -1.0 -1.0 -1.0 28.0 -1.0 -1.0 -1.0 35.0 14.0 28.0 47.0 -1.0 -1.0 -1.0 
13.0 16.0 35.0 32.0 -1.0 50.0 -1.0 -1.0 -1.0 -1.0 26.0 47.0 20.0 -1.0 37.0 
-1.0 -1.0 -1.0 47.0 -1.0 49.0 37.0 47.0 -1.0 -1.0 14.0 21.0 47.0 -1.0 -1.0 
33.0 16.0 13.0 36.0 -1.0 -1.0 -1.0 -1.0 -1.0 -1.0 39.0 14.0 37.0 25.0 -1.0 
-1.0 36.0 -1.0 -1.0 26.0 -1.0 30.0 42.0 24.0 42.0 32.0 -1.0 -1.0 44.0 47.0 
-1.0 -1.0 29.0 21.0 -1.0 -1.0 -1.0 -1.0 47.0 36.0 35.0 46.0 38.0 23.0 -1.0 
-1.0 -1.0 -1.0 23.0 48.0 19.0 30.0 -1.0 -1.0 18.0 38.0 32.0 -1.0 40.0 -1.0 
24.0 38.0 -1.0 -1.0 -1.0 -1.0 37.0 -1.0 17.0 38.0 -1.0 -1.0 -1.0 15.0 -1.0 
-1.0 -1.0 39.0 11.0 36.0 -1.0 -1.0 34.0 -1.0 11.0 14.0 -1.0 -1.0 26.0 36.0 
28.0 17.0 -1.0 14.0 -1.0 -1.0 18.0 10.0 19.0 -1.0 -1.0 22.0 18.0 -1.0 46.0 
33.0 -1.0 38.0 20.0 -1.0 46.0 41.0 -1.0 46.0 36.0 -1.0 23.0 27.0 -1.0 -1.0 
38.0 32.0 -1.0 43.0 -1.0 -1.0 -1.0 -1.0 -1.0 41.0 20.0 12.0 39.0 18.0 39.0 
42.0 30.0 -1.0 47.0 19.0 -1.0 30.0 -1.0 17.0 -1.0 47.0 -1.0 17.0 50.0 39.0 
49.0 10.0 -1.0 50.0 -1.0 40.0 36.0 12.0 27.0 -1.0 -1.0 20.0 25.0 -1.0 -1.0 
-1.0 -1.0 14.0 44.0 49.0 36.0 -1.0 26.0 -1.0 37.0 43.0 -1.0 -1.0 -1.0 -1.0 
-1.0 -1.0 42.0 20.0 49.0 -1.0 20.0 -1.0 25.0 40.0 27.0 -1.0 -1.0 10.0 23.0 
24.0 39.0 -1.0 28.0 43.0 50.0 13.0 -1.0 44.0 -1.0 20.0 -1.0 28.0 -1.0 23.0 
28.0 -1.0 -1.0 -1.0 44.0 39.0 -1.0 -1.0 43.0 -1.0 14.0 35.0 38.0 -1.0 18.0 
-1.0 -1.0 -1.0 34.0 -1.0 18.0 27.0 -1.0 -1.0 47.0 -1.0 -1.0 -1.0 14.0 22.0 
-1.0 39.0 -1.0 -1.0 -1.0 -1.0 41.0 27.0 -1.0 31.0 -1.0 -1.0 -1.0 -1.0 27.0 
19.0 -1.0 29.0 -1.0 -1.0 22.0 35.0 26.0 -1.0 -1.0 -1.0 -1.0 30.0 47.0 -1.0 
-1.0 -1.0 -1.0 -1.0 -1.0 21.0 45.0 -1.0 -1.0 -1.0 -1.0 -1.0 48.0 -1.0 38.0 
-1.0 42.0 33.0 -1.0 -1.0 30.0 -1.0 -1.0 -1.0 15.0 14.0 31.0 -1.0 19.0 31.0 
-1.0 -1.0 42.0 36.0 29.0 -1.0 14.0 -1.0 -1.0 -1.0 -1.0 -1.0 -1.0 12.0 -1.0 
30.0 25.0 -1.0 37.0 -1.0 22.0 -1.0 33.0 22.0 -1.0 -1.0 -1.0 32.0 40.0 28.0 
24.0 -1.0 -1.0 -1.0 -1.0 -1.0 -1.0 -1.0 45.0 -1.0 46.0 -1.0 -1.0 -1.0 31.0 
-1.0 40.0 -1.0 24.0 -1.0 37.0 38.0 -1.0 -1.0 -1.0 -1.0 14.0 42.0 -1.0 43.0 
-1.0 -1.0 -1.0 -1.0 40.0 -1.0 18.0 27.0 -1.0 29.0 26.0 -1.0 -1.0 25.0 15.0 
18.0 48.0 45.0 -1.0 22.0 -1.0 -1.0 -1.0 44.0 -1.0 21.0 -1.0 -1.0 -1.0 25.0 
-1.0 -1.0 20.0 -1.0 46.0 -1.0 12.0 -1.0 12.0 45.0 16.0 46.0 32.0 26.0 41.0 
-1.0 -1.0 -1.0 46.0 49.0 38.0 22.0 49.0 -1.0 13.0 18.0 -1.0 28.0 -1.0 -1.0 
24.0 17.0 31.0 49.0 12.0 -1.0 -1.0 22.0 10.0 -1.0 -1.0 -1.0 -1.0 -1.0 43.0 
-1.0 -1.0 43.0 26.0 45.0 -1.0 -1.0 20.0 -1.0 36.0 -1.0 -1.0 20.0 43.0 -1.0 
-1.0 20.0 44.0 30.0 13.0 -1.0 46.0 42.0 35.0 38.0 -1.0 49.0 27.0 -1.0 -1.0 
-1.0 -1.0 -1.0 23.0 16.0 19.0 22.0 -1.0 32.0 24.0 33.0 -1.0 -1.0 22.0 22.0 
21.0 11.0 12.0 12.0 33.0 -1.0 30.0 36.0 35.0 37.0 -1.0 19.0 -1.0 -1.0 -1.0 
-1.0 -1.0 -1.0 12.0 13.0 -1.0 -1.0 18.0 -1.0 -1.0 40.0 13.0 -1.0 22.0 -1.0 
-1.0 -1.0 -1.0 -1.0 33.0 -1.0 47.0 -1.0 35.0 -1.0 30.0 19.0 29.0 -1.0 -1.0 
21.0 -1.0 -1.0 50.0 -1.0 21.0 17.0 -1.0 -1.0 13.0 -1.0 -1.0 29.0 45.0 -1.0 
-1.0 -1.0 -1.0 -1.0 45.0 34.0 26.0 -1.0 42.0 -1.0 -1.0 -1.0 18.0 -1.0 48.0 
-1.0 47.0 40.0 -1.0 14.0 11.0 31.0 -1.0 46.0 17.0 47.0 37.0 -1.0 -1.0 -1.0 
46.0 -1.0 15.0 -1.0 14.0 -1.0 -1.0 -1.0 41.0 -1.0 -1.0 28.0 -1.0 -1.0 -1.0 
-1.0 13.0 -1.0 28.0 -1.0 44.0 -1.0 -1.0 -1.0 30.0 33.0 -1.0 14.0 34.0 -1.0 
-1.0 10.0 -1.0 -1.0 -1.0 40.0 33.0 -1.0 -1.0 -1.0 -1.0 31.0 -1.0 -1.0 -1.0 
40.0 43.0 -1.0 -1.0 36.0 -1.0 -1.0 -1.0 22.0 39.0 25.0 30.0 21.0 -1.0 43.0 
45.0 30.0 44.0 -1.0 50.0 -1.0 -1.0 -1.0 -1.0 -1.0 33.0 27.0 30.0 -1.0 24.0 
-1.0 -1.0 22.0 -1.0 20.0 -1.0 -1.0 24.0 39.0 -1.0 -1.0 -1.0 11.0 -1.0 -1.0 
47.0 -1.0 -1.0 -1.0 42.0 10.0 16.0 -1.0 45.0 23.0 28.0 -1.0 -1.0 25.0 -1.0 
34.0 -1.0 -1.0 -1.0 48.0 -1.0 -1.0 -1.0 27.0 -1.0 -1.0 -1.0 -1.0 23.0 -1.0 
14.0 38.0 28.0 37.0 20.0 32.0 48.0 -1.0 -1.0 -1.0 -1.0 24.0 -1.0 -1.0 -1.0 
-1.0 47.0 -1.0 -1.0 49.0 -1.0 -1.0 -1.0 -1.0 10.0 46.0 11.0 14.0 21.0 -1.0 
48.0 15.0 -1.0 -1.0 -1.0 -1.0 16.0 24.0 -1.0 -1.0 49.0 26.0 14.0 -1.0 -1.0 
-1.0 -1.0 20.0 14.0 -1.0 -1.0 16.0 30.0 32.0 19.0 -1.0 -1.0 38.0 -1.0 28.0 
22.0 21.0 -1.0 16.0 44.0 -1.0 48.0 -1.0 11.0 36.0 26.0 -1.0 30.0 28.0 -1.0 
19.0 27.0 -1.0 -1.0 36.0 15.0 48.0 -1.0 47.0 -1.0 -1.0 -1.0 48.0 -1.0 39.0 
41.0 21.0 31.0 -1.0 -1.0 11.0 37.0 47.0 40.0 -1.0 -1.0 26.0 -1.0 -1.0 -1.0 
45.0 -1.0 12.0 -1.0 -1.0 -1.0 36.0 16.0 -1.0 -1.0 24.0 -1.0 10.0 -1.0 31.0 
-1.0 -1.0 -1.0 21.0 -1.0 -1.0 -1.0 -1.0 17.0 -1.0 18.0 46.0 27.0 -1.0 39.0 
19.0 -1.0 24.0 -1.0 -1.0 41.0 43.0 32.0 -1.0 -1.0 15.0 -1.0 -1.0 -1.0 42.0 
34.0 11.0 -1.0 33.0 40.0 18.0 -1.0 -1.0 -1.0 -1.0 37.0 -1.0 27.0 39.0 -1.0 
21.0 -1.0 40.0 -1.0 45.0 47.0 28.0 -1.0 27.0 -1.0 25.0 21.0 23.0 -1.0 16.0 
-1.0 21.0 -1.0 33.0 45.0 -1.0 21.0 -1.0 -1.0 -1.0 -1.0 33.0 -1.0 37.0 14.0 
-1.0 -1.0 18.0 47.0 -1.0 14.0 38.0 38.0 12.0 -1.0 -1.0 -1.0 -1.0 -1.0 -1.0 
45.0 -1.0 -1.0 -1.0 -1.0 -1.0 28.0 -1.0 -1.0 -1.0 12.0 10.0 -1.0 11.0 -1.0 
49.0 -1.0 43.0 -1.0 -1.0 -1.0 -1.0 33.0 -1.0 -1.0 -1.0 -1.0 18.0 40.0 -1.0 
-1.0 -1.0 -1.0 45.0 -1.0 49.0 -1.0 -1.0 38.0 -1.0 -1.0 26.0 12.0 48.0 21.0 
-1.0 -1.0 -1.0 -1.0 29.0 22.0 -1.0 19.0 -1.0 -1.0 10.0 -1.0 38.0 -1.0 -1.0 
-1.0 10.0 -1.0 49.0 20.0 -1.0 -1.0 -1.0 -1.0 42.0 29.0 12.0 -1.0 23.0 -1.0 
10.0 -1.0 -1.0 -1.0 -1.0 33.0 50.0 -1.0 -1.0 -1.0 -1.0 -1.0 -1.0 -1.0 33.0 
-1.0 -1.0 -1.0 -1.0 -1.0 -1.0 -1.0 32.0 30.0 -1.0 -1.0 16.0 -1.0 43.0 27.0 
-1.0 48.0 -1.0 -1.0 -1.0 50.0 19.0 -1.0 -1.0 -1.0 -1.0 -1.0 -1.0 -1.0 26.0 
-1.0 -1.0 43.0 -1.0 -1.0 28.0 -1.0 -1.0 -1.0 36.0 16.0 -1.0 -1.0 -1.0 -1.0 
-1.0 -1.0 38.0 32.0 18.0 -1.0 48.0 40.0 23.0 -1.0 -1.0 -1.0 -1.0 -1.0 -1.0 
-1.0 -1.0 -1.0 -1.0 -1.0 -1.0 -1.0 -1.0 -1.0 28.0 21.0 35.0 -1.0 35.0 34.0 
24.0 -1.0 -1.0 15.0 -1.0 -1.0 -1.0 -1.0 -1.0 14.0 47.0 33.0 -1.0 -1.0 -1.0 
-1.0 -1.0 23.0 -1.0 -1.0 -1.0 35.0 43.0 25.0 -1.0 19.0 -1.0 -1.0 -1.0 -1.0 
-1.0 -1.0 -1.0 39.0 -1.0 43.0 -1.0 -1.0 32.0 19.0 14.0 26.0 -1.0 -1.0 -1.0 
-1.0 -1.0 -1.0 24.0 26.0 40.0 -1.0 32.0 29.0 -1.0 41.0 -1.0 48.0 -1.0 -1.0 
41.0 -1.0 41.0 -1.0 38.0 26.0 -1.0 -1.0 -1.0 20.0 -1.0 -1.0 -1.0 -1.0 -1.0 
-1.0 -1.0 16.0 -1.0 -1.0 -1.0 23.0 47.0 -1.0 -1.0 11.0 -1.0 -1.0 -1.0 -1.0 
-1.0 31.0 -1.0 -1.0 -1.0 -1.0 25.0 42.0 29.0 50.0 -1.0 -1.0 -1.0 -1.0 -1.0 
-1.0 -1.0 16.0 44.0 27.0 39.0 30.0 16.0 -1.0 49.0 15.0 13.0 -1.0 36.0 -1.0 
14.0 -1.0 -1.0 23.0 -1.0 10.0 35.0 -1.0 -1.0 14.0 -1.0 -1.0 -1.0 -1.0 46.0 
-1.0 35.0 50.0 50.0 42.0 -1.0 -1.0 43.0 -1.0 46.0 -1.0 -1.0 -1.0 16.0 32.0 
35.0 48.0 14.0 -1.0 -1.0 -1.0 44.0 38.0 -1.0 -1.0 16.0 30.0 30.0 33.0 16.0 
-1.0 -1.0 -1.0 -1.0 34.0 43.0 -1.0 -1.0 -1.0 -1.0 -1.0 -1.0 25.0 13.0 -1.0 
39.0 28.0 -1.0 -1.0 37.0 -1.0 -1.0 -1.0 -1.0 24.0 19.0 26.0 -1.0 -1.0 48.0 
10.0 18.0 41.0 16.0 45.0 -1.0 -1.0 -1.0 18.0 -1.0 -1.0 29.0 -1.0 16.0 18.0 
36.0 -1.0 -1.0 30.0 42.0 -1.0 -1.0 35.0 -1.0 -1.0 31.0 29.0 -1.0 26.0 24.0 
34.0 37.0 24.0 28.0 -1.0 -1.0 18.0 30.0 -1.0 39.0 47.0 -1.0 -1.0 -1.0 -1.0 
49.0 41.0 -1.0 33.0 30.0 43.0 -1.0 22.0 -1.0 37.0 50.0 -1.0 -1.0 43.0 -1.0 
21.0 46.0 29.0 -1.0 -1.0 26.0 49.0 37.0 34.0 -1.0 -1.0 10.0 -1.0 -1.0 23.0 
-1.0 36.0 16.0 36.0 -1.0 -1.0 18.0 -1.0 -1.0 -1.0 -1.0 -1.0 20.0 20.0 42.0 
43.0 -1.0 -1.0 -1.0 -1.0 25.0 24.0 -1.0 44.0 -1.0 31.0 10.0 46.0 -1.0 34.0 
50.0 29.0 31.0 -1.0 20.0 -1.0 49.0 46.0 -1.0 13.0 -1.0 29.0 -1.0 -1.0 39.0 
-1.0 30.0 -1.0 11.0 28.0 11.0 10.0 40.0 11.0 -1.0 25.0 -1.0 33.0 -1.0 38.0 
-1.0 10.0 39.0 -1.0 41.0 42.0 -1.0 -1.0 -1.0 -1.0 43.0 28.0 35.0 -1.0 39.0 
-1.0 28.0 -1.0 38.0 27.0 47.0 -1.0 13.0 -1.0 46.0 47.0 34.0 -1.0 12.0 -1.0 
-1.0 21.0 -1.0 -1.0 -1.0 33.0 -1.0 -1.0 22.0 -1.0 -1.0 -1.0 -1.0 -1.0 18.0 
-1.0 -1.0 -1.0 -1.0 -1.0 28.0 21.0 -1.0 -1.0 15.0 -1.0 17.0 -1.0 -1.0 -1.0 
39.0 -1.0 -1.0 50.0 -1.0 -1.0 -1.0 -1.0 34.0 44.0 -1.0 -1.0 -1.0 47.0 -1.0 
48.0 -1.0 21.0 38.0 -1.0 14.0 -1.0 -1.0 -1.0 -1.0 30.0 -1.0 -1.0 14.0 30.0 
-1.0 -1.0 40.0 29.0 -1.0 34.0 26.0 27.0 -1.0 47.0 -1.0 22.0 -1.0 -1.0 -1.0 
-1.0 36.0 22.0 37.0 -1.0 -1.0 11.0 13.0 44.0 25.0 -1.0 25.0 -1.0 -1.0 40.0 
-1.0 -1.0 34.0 -1.0 -1.0 -1.0 -1.0 -1.0 -1.0 -1.0 -1.0 22.0 35.0 -1.0 19.0 
-1.0 -1.0 17.0 -1.0 19.0 -1.0 29.0 -1.0 32.0 -1.0 -1.0 18.0 -1.0 -1.0 -1.0 
-1.0 -1.0 -1.0 -1.0 24.0 46.0 50.0 39.0 29.0 30.0 13.0 -1.0 10.0 -1.0 -1.0 
14.0 43.0 -1.0 48.0 -1.0 -1.0 13.0 -1.0 -1.0 -1.0 -1.0 -1.0 -1.0 -1.0 29.0 
-1.0 -1.0 -1.0 16.0 12.0 37.0 28.0 -1.0 25.0 -1.0 26.0 36.0 -1.0 -1.0 19.0 
-1.0 -1.0 11.0 36.0 -1.0 -1.0 -1.0 18.0 25.0 -1.0 15.0 -1.0 -1.0 24.0 -1.0 
49.0 -1.0 -1.0 -1.0 -1.0 33.0 -1.0 -1.0 -1.0 -1.0 -1.0 47.0 24.0 17.0 -1.0 
-1.0 44.0 -1.0 -1.0 13.0 -1.0 -1.0 12.0 -1.0 35.0 12.0 -1.0 -1.0 -1.0 -1.0 
-1.0 -1.0 -1.0 40.0 -1.0 -1.0 -1.0 19.0 -1.0 26.0 12.0 39.0 -1.0 -1.0 37.0 
45.0 47.0 -1.0 -1.0 -1.0 49.0 -1.0 -1.0 -1.0 22.0 32.0 15.0 20.0 -1.0 -1.0 
-1.0 -1.0 -1.0 48.0 -1.0 -1.0 48.0 -1.0 15.0 -1.0 -1.0 -1.0 -1.0 16.0 28.0 
-1.0 10.0 21.0 -1.0 29.0 -1.0 28.0 -1.0 -1.0 -1.0 17.0 37.0 -1.0 32.0 -1.0 
-1.0 -1.0 -1.0 24.0 -1.0 -1.0 44.0 17.0 -1.0 20.0 10.0 -1.0 -1.0 35.0 43.0 
36.0 -1.0 -1.0 -1.0 33.0 31.0 34.0 45.0 30.0 26.0 -1.0 -1.0 36.0 31.0 10.0 
-1.0 23.0 27.0 -1.0 -1.0 21.0 11.0 -1.0 -1.0 50.0 -1.0 39.0 -1.0 17.0 -1.0 
-1.0 -1.0 -1.0 -1.0 13.0 -1.0 31.0 -1.0 -1.0 16.0 14.0 -1.0 -1.0 -1.0 -1.0 
-1.0 -1.0 34.0 -1.0 -1.0 49.0 41.0 11.0 -1.0 -1.0 24.0 -1.0 -1.0 -1.0 -1.0 
28.0 -1.0 -1.0 -1.0 49.0 -1.0 32.0 -1.0 39.0 34.0 -1.0 45.0 -1.0 -1.0 -1.0 
20.0 42.0 -1.0 35.0 -1.0 -1.0 48.0 -1.0 15.0 -1.0 13.0 36.0 29.0 -1.0 -1.0 
43.0 -1.0 -1.0 48.0 -1.0 -1.0 -1.0 31.0 -1.0 18.0 -1.0 18.0 34.0 -1.0 -1.0 
48.0 -1.0 35.0 43.0 -1.0 -1.0 50.0 42.0 50.0 49.0 -1.0 32.0 -1.0 -1.0 -1.0 
-1.0 23.0 -1.0 -1.0 48.0 -1.0 42.0 18.0 42.0 20.0 38.0 42.0 -1.0 -1.0 -1.0 
36.0 -1.0 -1.0 -1.0 -1.0 -1.0 -1.0 25.0 35.0 -1.0 -1.0 17.0 -1.0 26.0 45.0 
-1.0 -1.0 32.0 -1.0 16.0 -1.0 37.0 27.0 -1.0 -1.0 -1.0 -1.0 -1.0 -1.0 -1.0 
-1.0 -1.0 14.0 15.0 40.0 14.0 -1.0 -1.0 17.0 -1.0 46.0 -1.0 -1.0 32.0 45.0 
24.0 17.0 -1.0 26.0 -1.0 -1.0 -1.0 24.0 -1.0 -1.0 21.0 10.0 31.0 24.0 -1.0 
-1.0 -1.0 -1.0 -1.0 -1.0 -1.0 42.0 25.0 17.0 -1.0 -1.0 37.0 -1.0 -1.0 11.0 
-1.0 33.0 48.0 29.0 18.0 17.0 -1.0 -1.0 43.0 33.0 -1.0 24.0 -1.0 28.0 23.0 
15.0 18.0 14.0 -1.0 -1.0 -1.0 45.0 26.0 -1.0 33.0 -1.0 13.0 34.0 -1.0 35.0 
36.0 28.0 47.0 31.0 32.0 -1.0 32.0 37.0 -1.0 17.0 -1.0 -1.0 -1.0 16.0 11.0 
-1.0 -1.0 -1.0 32.0 -1.0 -1.0 11.0 -1.0 40.0 -1.0 10.0 -1.0 -1.0 19.0 -1.0 
38.0 33.0 27.0 25.0 -1.0 28.0 -1.0 47.0 24.0 -1.0 27.0 20.0 19.0 -1.0 -1.0 
28.0 -1.0 32.0 -1.0 -1.0 -1.0 -1.0 -1.0 13.0 -1.0 -1.0 -1.0 -1.0 -1.0 14.0 
12.0 -1.0 -1.0 19.0 -1.0 -1.0 14.0 48.0 -1.0 -1.0 -1.0 -1.0 -1.0 -1.0 -1.0 
-1.0 27.0 -1.0 -1.0 47.0 -1.0 -1.0 -1.0 -1.0 14.0 -1.0 -1.0 -1.0 47.0 22.0 
-1.0 -1.0 49.0 40.0 43.0 24.0 -1.0 -1.0 -1.0 -1.0 11.0 -1.0 -1.0 -1.0 49.0 
27.0 33.0 42.0 -1.0 -1.0 -1.0 -1.0 -1.0 47.0 -1.0 -1.0 47.0 -1.0 14.0 -1.0 
49.0 -1.0 39.0 -1.0 -1.0 -1.0 -1.0 36.0 -1.0 15.0 -1.0 38.0 48.0 -1.0 -1.0 
26.0 -1.0 -1.0 25.0 -1.0 41.0 -1.0 -1.0 25.0 20.0 -1.0 18.0 -1.0 -1.0 39.0 
-1.0 -1.0 44.0 10.0 38.0 -1.0 17.0 50.0 -1.0 -1.0 -1.0 -1.0 34.0 25.0 -1.0 
13.0 41.0 32.0 22.0 -1.0 -1.0 11.0 25.0 -1.0 -1.0 31.0 -1.0 -1.0 -1.0 30.0 
-1.0 27.0 17.0 20.0 34.0 10.0 -1.0 27.0 -1.0 35.0 18.0 31.0 -1.0 48.0 -1.0 
25.0 33.0 45.0 -1.0 20.0 34.0 -1.0 -1.0 10.0 46.0 -1.0 -1.0 46.0 31.0 31.0 
-1.0 46.0 -1.0 -1.0 36.0 -1.0 49.0 -1.0 35.0 -1.0 33.0 48.0 34.0 -1.0 21.0 
25.0 -1.0 -1.0 -1.0 -1.0 -1.0 10.0 -1.0 45.0 43.0 -1.0 37.0 -1.0 29.0 -1.0 
-1.0 27.0 -1.0 -1.0 31.0 50.0 35.0 -1.0 40.0 20.0 -1.0 -1.0 32.0 12.0 -1.0 
36.0 20.0 12.0 32.0 -1.0 41.0 -1.0 -1.0 -1.0 -1.0 -1.0 -1.0 -1.0 -1.0 -1.0 
-1.0 -1.0 -1.0 36.0 -1.0 29.0 16.0 33.0 40.0 -1.0 -1.0 -1.0 -1.0 34.0 19.0 
12.0 -1.0 -1.0 -1.0 19.0 12.0 33.0 -1.0 40.0 20.0 -1.0 -1.0 -1.0 -1.0 50.0 
-1.0 30.0 -1.0 -1.0 -1.0 -1.0 31.0 26.0 -1.0 -1.0 16.0 -1.0 -1.0 -1.0 -1.0 
38.0 -1.0 -1.0 -1.0 -1.0 26.0 -1.0 -1.0 -1.0 24.0 -1.0 18.0 25.0 37.0 49.0 
26.0 -1.0 46.0 13.0 -1.0 45.0 19.0 15.0 -1.0 20.0 35.0 35.0 -1.0 -1.0 -1.0 
16.0 -1.0 25.0 -1.0 -1.0 -1.0 43.0 -1.0 28.0 -1.0 50.0 -1.0 -1.0 35.0 -1.0 
24.0 -1.0 49.0 -1.0 -1.0 -1.0 49.0 -1.0 -1.0 -1.0 -1.0 38.0 -1.0 47.0 -1.0 
15.0 -1.0 46.0 -1.0 -1.0 34.0 -1.0 -1.0 32.0 -1.0 37.0 -1.0 -1.0 39.0 -1.0 
29.0 36.0 27.0 -1.0 10.0 50.0 20.0 -1.0 40.0 11.0 35.0 31.0 -1.0 -1.0 -1.0 
22.0 -1.0 -1.0 -1.0 -1.0 -1.0 36.0 27.0 -1.0 -1.0 30.0 -1.0 -1.0 -1.0 -1.0 
29.0 -1.0 43.0 -1.0 21.0 48.0 23.0 -1.0 -1.0 44.0 -1.0 18.0 44.0 -1.0 -1.0 
49.0 23.0 -1.0 25.0 -1.0 47.0 18.0 -1.0 25.0 18.0 -1.0 -1.0 35.0 43.0 -1.0 
37.0 -1.0 39.0 47.0 30.0 -1.0 45.0 43.0 38.0 40.0 21.0 -1.0 21.0 -1.0 -1.0 
39.0 41.0 50.0 -1.0 47.0 -1.0 32.0 -1.0 36.0 -1.0 -1.0 33.0 -1.0 -1.0 -1.0 
44.0 -1.0 -1.0 35.0 31.0 -1.0 46.0 44.0 -1.0 -1.0 30.0 -1.0 -1.0 -1.0 31.0 
13.0 17.0 -1.0 -1.0 17.0 28.0 -1.0 -1.0 39.0 -1.0 41.0 37.0 36.0 29.0 13.0 
14.0 -1.0 31.0 40.0 -1.0 -1.0 10.0 -1.0 -1.0 -1.0 -1.0 -1.0 -1.0 40.0 19.0 
45.0 -1.0 32.0 -1.0 -1.0 -1.0 49.0 -1.0 -1.0 -1.0 -1.0 10.0 -1.0 -1.0 -1.0 
44.0 -1.0 35.0 -1.0 -1.0 48.0 44.0 -1.0 -1.0 -1.0 -1.0 -1.0 -1.0 -1.0 -1.0 
-1.0 -1.0 20.0 41.0 35.0 -1.0 11.0 -1.0 -1.0 13.0 -1.0 28.0 21.0 14.0 41.0 
27.0 -1.0 19.0 22.0 -1.0 -1.0 -1.0 -1.0 -1.0 -1.0 16.0 30.0 -1.0 29.0 -1.0 
-1.0 -1.0 -1.0 26.0 -1.0 47.0 -1.0 20.0 50.0 -1.0 -1.0 -1.0 -1.0 37.0 -1.0 
39.0 29.0 38.0 20.0 37.0 -1.0 -1.0 -1.0 48.0 47.0 -1.0 -1.0 -1.0 22.0 21.0 
-1.0 -1.0 -1.0 -1.0 -1.0 49.0 -1.0 -1.0 41.0 -1.0 13.0 32.0 -1.0 -1.0 -1.0 
-1.0 -1.0 -1.0 -1.0 -1.0 33.0 -1.0 -1.0 -1.0 -1.0 -1.0 29.0 46.0 43.0 -1.0 
30.0 40.0 -1.0 -1.0 -1.0 -1.0 31.0 -1.0 42.0 27.0 -1.0 26.0 -1.0 -1.0 19.0 
-1.0 42.0 -1.0 42.0 32.0 -1.0 -1.0 35.0 39.0 17.0 36.0 25.0 43.0 14.0 -1.0 
35.0 -1.0 34.0 25.0 37.0 45.0 19.0 48.0 -1.0 46.0 -1.0 37.0 -1.0 19.0 -1.0 
20.0 46.0 47.0 48.0 -1.0 13.0 21.0 -1.0 -1.0 -1.0 -1.0 27.0 -1.0 -1.0 -1.0 
-1.0 -1.0 -1.0 21.0 -1.0 -1.0 -1.0 -1.0 44.0 -1.0 45.0 27.0 -1.0 -1.0 47.0 
-1.0 -1.0 41.0 32.0 -1.0 -1.0 22.0 -1.0 -1.0 -1.0 -1.0 39.0 -1.0 21.0 -1.0 
-1.0 29.0 50.0 -1.0 -1.0 -1.0 -1.0 26.0 -1.0 -1.0 -1.0 19.0 -1.0 -1.0 -1.0 
44.0 -1.0 -1.0 50.0 -1.0 -1.0 26.0 -1.0 -1.0 25.0 32.0 -1.0 -1.0 48.0 36.0 
-1.0 35.0 40.0 30.0 -1.0 23.0 -1.0 40.0 -1.0 34.0 48.0 41.0 35.0 -1.0 -1.0 
-1.0 29.0 45.0 -1.0 36.0 -1.0 38.0 23.0 -1.0 -1.0 20.0 26.0 37.0 -1.0 34.0 
-1.0 -1.0 -1.0 10.0 -1.0 21.0 -1.0 -1.0 23.0 -1.0 39.0 -1.0 25.0 -1.0 38.0 
35.0 30.0 -1.0 -1.0 -1.0 -1.0 -1.0 -1.0 37.0 45.0 -1.0 -1.0 22.0 14.0 -1.0 
20.0 -1.0 -1.0 39.0 -1.0 -1.0 27.0 -1.0 30.0 16.0 31.0 35.0 22.0 32.0 19.0 
44.0 46.0 -1.0 24.0 23.0 -1.0 42.0 -1.0 38.0 10.0 43.0 33.0 -1.0 -1.0 -1.0 
27.0 13.0 41.0 24.0 -1.0 -1.0 28.0 28.0 15.0 18.0 10.0 -1.0 -1.0 -1.0 49.0 
-1.0 24.0 -1.0 19.0 -1.0 21.0 17.0 15.0 13.0 -1.0 28.0 -1.0 35.0 -1.0 35.0 
45.0 46.0 35.0 -1.0 38.0 -1.0 -1.0 47.0 -1.0 39.0 -1.0 29.0 -1.0 -1.0 38.0 
39.0 35.0 40.0 16.0 26.0 26.0 27.0 26.0 -1.0 29.0 -1.0 16.0 -1.0 -1.0 -1.0 
-1.0 -1.0 44.0 36.0 38.0 -1.0 -1.0 -1.0 42.0 13.0 -1.0 -1.0 39.0 -1.0 33.0 
-1.0 -1.0 30.0 31.0 -1.0 -1.0 -1.0 -1.0 24.0 -1.0 -1.0 -1.0 -1.0 10.0 -1.0 
-1.0 -1.0 48.0 37.0 -1.0 -1.0 14.0 -1.0 34.0 20.0 -1.0 44.0 29.0 26.0 13.0 
-1.0 10.0 29.0 12.0 46.0 -1.0 -1.0 -1.0 44.0 -1.0 -1.0 -1.0 -1.0 -1.0 -1.0 
14.0 -1.0 26.0 16.0 -1.0 16.0 -1.0 -1.0 41.0 40.0 -1.0 43.0 -1.0 42.0 -1.0 
-1.0 -1.0 -1.0 41.0 -1.0 -1.0 -1.0 32.0 25.0 34.0 -1.0 -1.0 -1.0 -1.0 -1.0 
48.0 -1.0 30.0 28.0 -1.0 -1.0 48.0 -1.0 23.0 31.0 -1.0 -1.0 21.0 17.0 -1.0 
27.0 -1.0 -1.0 -1.0 -1.0 41.0 -1.0 -1.0 20.0 38.0 20.0 -1.0 35.0 -1.0 23.0 
25.0 -1.0 -1.0 -1.0 -1.0 -1.0 -1.0 -1.0 -1.0 38.0 21.0 34.0 -1.0 -1.0 -1.0 
