***n m*** 
15 18 
***h*** 
13 14 5 15 8 12 8 5 5 13 14 13 11 15 15 
***d*** 
336.71 513.35 484.5 86.16 78.86 327.19 475.32 410.17 72.18 338.2 83.84 340.29 331.14 336.22 782.23 
***M*** 
6 1 11 9 14 16 5 13 7 2 
17 10 5 3 1 
4 7 14 10 6 
1 16 2 10 
2 18 13 5 
17 16 1 7 11 6 3 
12 6 11 4 8 16 
7 15 8 12 10 
5 13 2 6 11 12 7 9 
6 7 3 12 13 14 
11 17 4 9 14 13 1 
11 2 18 13 16 17 1 10 
12 5 7 2 13 3 4 
1 2 15 8 17 
18 7 8 17 
17 9 6 3 16 7 14 10 
16 7 4 15 9 2 18 3 13 
15 18 8 13 7 11 10 17 12 
8 12 18 5 13 
18 4 16 14 2 3 
14 5 13 7 9 18 8 1 2 4 
5 9 17 10 16 1 2 3 
14 3 4 6 8 17 
12 9 14 11 2 1 4 6 18 
12 15 11 3 18 10 13 
16 10 11 9 3 
3 17 18 5 14 
10 2 11 7 
15 5 11 13 14 3 7 18 10 8 
10 12 18 1 4 
7 3 1 5 9 11 13 4 6 
6 17 11 7 1 
13 12 5 11 14 1 
16 18 14 13 3 
6 14 7 10 3 17 8 9 18 12 
6 12 15 3 8 
3 18 5 7 14 10 8 16 13 9 
13 14 18 5 3 
13 2 11 18 4 
10 7 5 2 12 17 11 16 
2 13 18 4 17 
7 4 18 9 
12 3 2 10 18 14 11 13 8 17 
12 17 10 5 2 14 18 9 4 
7 18 14 8 
15 9 16 4 17 1 
14 18 1 11 2 13 12 3 9 
11 6 13 12 1 8 10 4 14 9 
8 2 9 6 3 13 15 
4 14 18 2 1 5 11 12 9 6 
6 2 12 1 14 15 11 
9 8 18 2 3 16 13 
12 14 8 5 16 15 13 17 3 
18 3 1 8 16 13 10 4 
6 2 12 15 8 4 
13 6 2 8 11 16 7 15 
9 17 14 16 6 10 15 7 2 13 
15 7 4 14 
10 13 5 16 1 3 18 8 4 
16 2 3 6 10 14 15 13 
15 17 4 6 10 14 5 9 12 
12 13 11 5 1 16 6 2 8 17 
4 10 9 18 11 6 15 5 
12 17 16 9 
18 15 2 7 16 13 12 
2 5 8 12 9 10 6 
2 15 13 6 7 17 9 3 4 
4 12 10 7 1 3 
13 18 2 12 7 
12 9 2 4 6 
4 18 9 8 2 3 
2 13 8 1 6 16 18 12 5 17 
2 12 10 16 5 11 
15 3 2 6 7 11 
11 17 1 4 3 13 14 2 
5 11 6 10 8 14 13 4 
11 16 6 13 12 5 17 18 1 
14 17 13 12 7 11 3 6 8 
1 12 18 14 11 6 2 13 5 
5 1 12 11 17 4 15 
18 1 5 16 9 8 13 11 14 
8 7 18 15 3 1 
13 17 12 5 1 7 15 10 8 14 
10 6 5 11 1 15 13 
2 16 8 13 11 
6 12 5 11 16 7 
14 12 18 2 11 4 13 16 
17 18 1 12 3 9 5 6 
1 15 2 17 6 7 13 10 11 
7 2 12 1 6 15 
8 16 1 6 7 18 9 10 2 17 
12 13 1 7 
5 7 15 16 
17 16 3 1 12 
1 9 16 6 4 10 12 18 
9 13 12 7 
2 4 3 9 18 17 5 11 
17 8 2 15 9 18 6 3 7 16 
8 4 15 10 12 
1 2 13 12 10 6 
13 2 11 4 15 14 7 8 9 
8 4 5 15 2 13 17 3 10 
1 14 18 15 3 11 8 13 
14 15 17 12 6 9 3 
2 13 6 4 11 16 8 3 
12 15 7 13 17 9 6 10 8 
1 17 18 6 10 13 
15 3 14 7 13 8 
4 2 5 1 
7 4 3 6 16 
15 7 10 8 2 3 6 
3 1 2 15 9 11 
2 18 6 9 4 5 17 8 7 
10 17 15 8 6 4 11 12 
3 14 1 6 
14 12 16 17 4 3 11 6 8 
12 4 18 7 9 17 5 11 10 13 
15 12 9 4 
7 9 5 8 14 12 11 
10 8 6 15 2 4 
10 13 17 8 7 2 11 3 
12 11 9 6 3 5 10 18 4 1 
16 8 5 15 
2 11 8 16 6 3 17 15 
13 6 1 14 15 
6 2 12 5 3 1 11 17 15 
14 3 18 2 15 4 16 9 11 10 
18 6 17 7 3 8 15 13 
2 7 9 10 1 12 18 
16 3 15 11 12 7 4 
16 9 8 17 14 15 10 
15 18 11 5 9 3 4 16 14 17 
11 6 15 1 12 
11 12 13 6 1 4 9 7 
18 3 10 14 7 15 2 1 11 16 
10 2 18 5 8 7 12 6 9 
4 8 1 3 15 2 17 7 11 
9 13 14 5 4 16 2 1 12 
17 18 7 11 4 12 
13 15 14 18 8 16 3 11 6 
9 1 2 7 17 15 
6 18 9 13 5 17 15 11 16 8 
14 1 15 10 8 
16 6 12 13 7 1 18 
6 15 2 1 
9 15 18 13 3 17 12 1 10 8 
16 10 11 1 5 
18 14 16 5 17 15 7 
16 3 2 12 11 13 9 17 8 
16 10 5 17 
15 14 6 18 8 7 
18 7 16 3 13 11 14 
3 7 12 8 2 18 15 13 9 6 
17 15 5 16 10 14 
12 18 11 16 
7 15 16 4 1 12 6 
7 8 18 6 2 
13 11 10 17 16 12 1 5 
1 18 10 2 
4 8 17 11 16 15 
16 5 17 18 6 1 15 3 8 9 
14 12 2 10 13 16 17 
9 1 18 3 
18 5 17 2 4 13 10 14 
13 1 10 5 
10 4 11 2 1 3 9 5 8 
***P*** 
45.0 48.0 -1.0 -1.0 10.0 11.0 41.0 -1.0 10.0 -1.0 17.0 -1.0 37.0 37.0 -1.0 12.0 -1.0 -1.0 
30.0 -1.0 20.0 -1.0 22.0 -1.0 -1.0 -1.0 -1.0 27.0 -1.0 -1.0 -1.0 -1.0 -1.0 -1.0 36.0 -1.0 
-1.0 -1.0 -1.0 34.0 -1.0 39.0 18.0 -1.0 -1.0 34.0 -1.0 -1.0 -1.0 36.0 -1.0 -1.0 -1.0 -1.0 
46.0 17.0 -1.0 -1.0 -1.0 -1.0 -1.0 -1.0 -1.0 19.0 -1.0 -1.0 -1.0 -1.0 -1.0 34.0 -1.0 -1.0 
-1.0 43.0 -1.0 -1.0 13.0 -1.0 -1.0 -1.0 -1.0 -1.0 -1.0 -1.0 48.0 -1.0 -1.0 -1.0 -1.0 37.0 
37.0 -1.0 46.0 -1.0 -1.0 29.0 22.0 -1.0 -1.0 -1.0 40.0 -1.0 -1.0 -1.0 -1.0 45.0 44.0 -1.0 
-1.0 -1.0 -1.0 20.0 -1.0 39.0 -1.0 16.0 -1.0 -1.0 45.0 25.0 -1.0 -1.0 -1.0 33.0 -1.0 -1.0 
-1.0 -1.0 -1.0 -1.0 -1.0 -1.0 21.0 27.0 -1.0 47.0 -1.0 22.0 -1.0 -1.0 12.0 -1.0 -1.0 -1.0 
-1.0 13.0 -1.0 -1.0 49.0 14.0 30.0 -1.0 13.0 -1.0 23.0 14.0 38.0 -1.0 -1.0 -1.0 -1.0 -1.0 
-1.0 -1.0 35.0 -1.0 -1.0 11.0 24.0 -1.0 -1.0 -1.0 -1.0 24.0 26.0 39.0 -1.0 -1.0 -1.0 -1.0 
33.0 -1.0 -1.0 11.0 -1.0 -1.0 -1.0 -1.0 34.0 -1.0 44.0 -1.0 30.0 10.0 -1.0 -1.0 44.0 -1.0 
26.0 41.0 -1.0 -1.0 -1.0 -1.0 -1.0 -1.0 -1.0 34.0 36.0 -1.0 26.0 -1.0 -1.0 37.0 20.0 49.0 
-1.0 27.0 28.0 19.0 33.0 -1.0 10.0 -1.0 -1.0 -1.0 -1.0 20.0 39.0 -1.0 -1.0 -1.0 -1.0 -1.0 
38.0 11.0 -1.0 -1.0 -1.0 -1.0 -1.0 20.0 -1.0 -1.0 -1.0 -1.0 -1.0 -1.0 10.0 -1.0 34.0 -1.0 
-1.0 -1.0 -1.0 -1.0 -1.0 -1.0 43.0 23.0 -1.0 -1.0 -1.0 -1.0 -1.0 -1.0 -1.0 -1.0 33.0 30.0 
-1.0 -1.0 22.0 -1.0 -1.0 33.0 21.0 -1.0 36.0 13.0 -1.0 -1.0 -1.0 36.0 -1.0 10.0 45.0 -1.0 
-1.0 16.0 18.0 17.0 -1.0 -1.0 13.0 -1.0 27.0 -1.0 -1.0 -1.0 14.0 -1.0 13.0 41.0 -1.0 31.0 
-1.0 -1.0 -1.0 -1.0 -1.0 -1.0 19.0 33.0 -1.0 41.0 11.0 20.0 26.0 -1.0 39.0 -1.0 23.0 24.0 
-1.0 -1.0 -1.0 -1.0 16.0 -1.0 -1.0 50.0 -1.0 -1.0 -1.0 46.0 41.0 -1.0 -1.0 -1.0 -1.0 17.0 
-1.0 45.0 49.0 30.0 -1.0 -1.0 -1.0 -1.0 -1.0 -1.0 -1.0 -1.0 -1.0 20.0 -1.0 23.0 -1.0 26.0 
35.0 49.0 -1.0 46.0 40.0 -1.0 38.0 25.0 39.0 -1.0 -1.0 -1.0 23.0 32.0 -1.0 -1.0 -1.0 40.0 
20.0 28.0 38.0 -1.0 47.0 -1.0 -1.0 -1.0 37.0 37.0 -1.0 -1.0 -1.0 -1.0 -1.0 12.0 23.0 -1.0 
-1.0 -1.0 49.0 45.0 -1.0 42.0 -1.0 11.0 -1.0 -1.0 -1.0 -1.0 -1.0 36.0 -1.0 -1.0 22.0 -1.0 
17.0 49.0 -1.0 36.0 -1.0 20.0 -1.0 -1.0 32.0 -1.0 46.0 38.0 -1.0 18.0 -1.0 -1.0 -1.0 23.0 
-1.0 -1.0 27.0 -1.0 -1.0 -1.0 -1.0 -1.0 -1.0 24.0 44.0 20.0 34.0 -1.0 33.0 -1.0 -1.0 17.0 
-1.0 -1.0 33.0 -1.0 -1.0 -1.0 -1.0 -1.0 23.0 22.0 25.0 -1.0 -1.0 -1.0 -1.0 22.0 -1.0 -1.0 
-1.0 -1.0 23.0 -1.0 16.0 -1.0 -1.0 -1.0 -1.0 -1.0 -1.0 -1.0 -1.0 49.0 -1.0 -1.0 35.0 34.0 
-1.0 22.0 -1.0 -1.0 -1.0 -1.0 34.0 -1.0 -1.0 25.0 22.0 -1.0 -1.0 -1.0 -1.0 -1.0 -1.0 -1.0 
-1.0 -1.0 48.0 -1.0 47.0 -1.0 12.0 44.0 -1.0 19.0 35.0 -1.0 12.0 38.0 26.0 -1.0 -1.0 48.0 
25.0 -1.0 -1.0 23.0 -1.0 -1.0 -1.0 -1.0 -1.0 40.0 -1.0 43.0 -1.0 -1.0 -1.0 -1.0 -1.0 32.0 
23.0 -1.0 40.0 50.0 41.0 39.0 22.0 -1.0 21.0 -1.0 27.0 -1.0 36.0 -1.0 -1.0 -1.0 -1.0 -1.0 
31.0 -1.0 -1.0 -1.0 -1.0 27.0 26.0 -1.0 -1.0 -1.0 33.0 -1.0 -1.0 -1.0 -1.0 -1.0 29.0 -1.0 
42.0 -1.0 -1.0 -1.0 42.0 -1.0 -1.0 -1.0 -1.0 -1.0 24.0 26.0 23.0 21.0 -1.0 -1.0 -1.0 -1.0 
-1.0 -1.0 40.0 -1.0 -1.0 -1.0 -1.0 -1.0 -1.0 -1.0 -1.0 -1.0 16.0 41.0 -1.0 14.0 -1.0 21.0 
-1.0 -1.0 39.0 -1.0 -1.0 17.0 36.0 25.0 40.0 36.0 -1.0 13.0 -1.0 10.0 -1.0 -1.0 24.0 29.0 
-1.0 -1.0 50.0 -1.0 -1.0 25.0 -1.0 43.0 -1.0 -1.0 -1.0 29.0 -1.0 -1.0 46.0 -1.0 -1.0 -1.0 
-1.0 -1.0 10.0 -1.0 39.0 -1.0 36.0 49.0 50.0 15.0 -1.0 -1.0 26.0 15.0 -1.0 36.0 -1.0 39.0 
-1.0 -1.0 13.0 -1.0 16.0 -1.0 -1.0 -1.0 -1.0 -1.0 -1.0 -1.0 27.0 27.0 -1.0 -1.0 -1.0 34.0 
-1.0 23.0 -1.0 18.0 -1.0 -1.0 -1.0 -1.0 -1.0 -1.0 25.0 -1.0 47.0 -1.0 -1.0 -1.0 -1.0 41.0 
-1.0 15.0 -1.0 -1.0 23.0 -1.0 20.0 -1.0 -1.0 10.0 17.0 40.0 -1.0 -1.0 -1.0 48.0 26.0 -1.0 
-1.0 10.0 -1.0 24.0 -1.0 -1.0 -1.0 -1.0 -1.0 -1.0 -1.0 -1.0 36.0 -1.0 -1.0 -1.0 35.0 28.0 
-1.0 -1.0 -1.0 15.0 -1.0 -1.0 19.0 -1.0 34.0 -1.0 -1.0 -1.0 -1.0 -1.0 -1.0 -1.0 -1.0 35.0 
-1.0 39.0 47.0 -1.0 -1.0 -1.0 -1.0 22.0 -1.0 30.0 40.0 48.0 41.0 16.0 -1.0 -1.0 25.0 48.0 
-1.0 48.0 -1.0 31.0 40.0 -1.0 -1.0 -1.0 25.0 41.0 -1.0 23.0 -1.0 19.0 -1.0 -1.0 19.0 48.0 
-1.0 -1.0 -1.0 -1.0 -1.0 -1.0 21.0 20.0 -1.0 -1.0 -1.0 -1.0 -1.0 44.0 -1.0 -1.0 -1.0 25.0 
27.0 -1.0 -1.0 11.0 -1.0 -1.0 -1.0 -1.0 43.0 -1.0 -1.0 -1.0 -1.0 -1.0 37.0 17.0 23.0 -1.0 
44.0 39.0 23.0 -1.0 -1.0 -1.0 -1.0 -1.0 28.0 -1.0 37.0 24.0 13.0 41.0 -1.0 -1.0 -1.0 31.0 
27.0 -1.0 -1.0 19.0 -1.0 30.0 -1.0 10.0 34.0 37.0 31.0 36.0 27.0 24.0 -1.0 -1.0 -1.0 -1.0 
-1.0 27.0 10.0 -1.0 -1.0 40.0 -1.0 35.0 12.0 -1.0 -1.0 -1.0 12.0 -1.0 39.0 -1.0 -1.0 -1.0 
50.0 49.0 -1.0 37.0 35.0 20.0 -1.0 -1.0 43.0 -1.0 45.0 46.0 -1.0 12.0 -1.0 -1.0 -1.0 35.0 
41.0 20.0 -1.0 -1.0 -1.0 14.0 -1.0 -1.0 -1.0 -1.0 26.0 13.0 -1.0 41.0 41.0 -1.0 -1.0 -1.0 
-1.0 42.0 18.0 -1.0 -1.0 -1.0 -1.0 28.0 14.0 -1.0 -1.0 -1.0 44.0 -1.0 -1.0 50.0 -1.0 31.0 
-1.0 -1.0 47.0 -1.0 39.0 -1.0 -1.0 27.0 -1.0 -1.0 -1.0 14.0 11.0 31.0 17.0 17.0 47.0 -1.0 
50.0 -1.0 37.0 37.0 -1.0 -1.0 -1.0 21.0 -1.0 31.0 -1.0 -1.0 13.0 -1.0 -1.0 31.0 -1.0 45.0 
-1.0 33.0 -1.0 43.0 -1.0 45.0 -1.0 38.0 -1.0 -1.0 -1.0 29.0 -1.0 -1.0 26.0 -1.0 -1.0 -1.0 
-1.0 19.0 -1.0 -1.0 -1.0 17.0 14.0 11.0 -1.0 -1.0 10.0 -1.0 42.0 -1.0 24.0 28.0 -1.0 -1.0 
-1.0 49.0 -1.0 -1.0 -1.0 45.0 32.0 -1.0 10.0 16.0 -1.0 -1.0 47.0 21.0 10.0 30.0 24.0 -1.0 
-1.0 -1.0 -1.0 31.0 -1.0 -1.0 30.0 -1.0 -1.0 -1.0 -1.0 -1.0 -1.0 46.0 45.0 -1.0 -1.0 -1.0 
14.0 -1.0 35.0 25.0 17.0 -1.0 -1.0 29.0 -1.0 25.0 -1.0 -1.0 43.0 -1.0 -1.0 21.0 -1.0 34.0 
-1.0 38.0 39.0 -1.0 -1.0 29.0 -1.0 -1.0 -1.0 16.0 -1.0 -1.0 47.0 36.0 10.0 50.0 -1.0 -1.0 
-1.0 -1.0 -1.0 50.0 11.0 15.0 -1.0 -1.0 20.0 47.0 -1.0 12.0 -1.0 18.0 46.0 -1.0 47.0 -1.0 
21.0 26.0 -1.0 -1.0 32.0 12.0 -1.0 28.0 -1.0 -1.0 47.0 11.0 40.0 -1.0 -1.0 15.0 34.0 -1.0 
-1.0 -1.0 -1.0 29.0 20.0 37.0 -1.0 -1.0 39.0 28.0 15.0 -1.0 -1.0 -1.0 16.0 -1.0 -1.0 40.0 
-1.0 -1.0 -1.0 -1.0 -1.0 -1.0 -1.0 -1.0 48.0 -1.0 -1.0 12.0 -1.0 -1.0 -1.0 26.0 10.0 -1.0 
-1.0 37.0 -1.0 -1.0 -1.0 -1.0 32.0 -1.0 -1.0 -1.0 -1.0 50.0 45.0 -1.0 29.0 10.0 -1.0 39.0 
-1.0 19.0 -1.0 -1.0 45.0 22.0 -1.0 45.0 39.0 40.0 -1.0 14.0 -1.0 -1.0 -1.0 -1.0 -1.0 -1.0 
-1.0 28.0 34.0 25.0 -1.0 21.0 18.0 -1.0 25.0 -1.0 -1.0 -1.0 19.0 -1.0 41.0 -1.0 24.0 -1.0 
38.0 -1.0 30.0 45.0 -1.0 -1.0 45.0 -1.0 -1.0 15.0 -1.0 14.0 -1.0 -1.0 -1.0 -1.0 -1.0 -1.0 
-1.0 48.0 -1.0 -1.0 -1.0 -1.0 34.0 -1.0 -1.0 -1.0 -1.0 46.0 27.0 -1.0 -1.0 -1.0 -1.0 47.0 
-1.0 18.0 -1.0 34.0 -1.0 16.0 -1.0 -1.0 16.0 -1.0 -1.0 12.0 -1.0 -1.0 -1.0 -1.0 -1.0 -1.0 
-1.0 49.0 45.0 34.0 -1.0 -1.0 -1.0 39.0 25.0 -1.0 -1.0 -1.0 -1.0 -1.0 -1.0 -1.0 -1.0 12.0 
19.0 48.0 -1.0 -1.0 40.0 47.0 -1.0 45.0 -1.0 -1.0 -1.0 45.0 22.0 -1.0 -1.0 41.0 46.0 40.0 
-1.0 48.0 -1.0 -1.0 28.0 -1.0 -1.0 -1.0 -1.0 25.0 46.0 40.0 -1.0 -1.0 -1.0 25.0 -1.0 -1.0 
-1.0 30.0 34.0 -1.0 -1.0 28.0 25.0 -1.0 -1.0 -1.0 43.0 -1.0 -1.0 -1.0 19.0 -1.0 -1.0 -1.0 
39.0 24.0 48.0 38.0 -1.0 -1.0 -1.0 -1.0 -1.0 -1.0 44.0 -1.0 16.0 27.0 -1.0 -1.0 16.0 -1.0 
-1.0 -1.0 -1.0 24.0 11.0 28.0 -1.0 34.0 -1.0 39.0 28.0 -1.0 46.0 46.0 -1.0 -1.0 -1.0 -1.0 
37.0 -1.0 -1.0 -1.0 50.0 22.0 -1.0 -1.0 -1.0 -1.0 44.0 18.0 16.0 -1.0 -1.0 13.0 33.0 50.0 
-1.0 -1.0 22.0 -1.0 -1.0 38.0 42.0 45.0 -1.0 -1.0 32.0 41.0 30.0 15.0 -1.0 -1.0 40.0 -1.0 
32.0 35.0 -1.0 -1.0 47.0 14.0 -1.0 -1.0 -1.0 -1.0 43.0 24.0 46.0 44.0 -1.0 -1.0 -1.0 21.0 
35.0 -1.0 -1.0 50.0 23.0 -1.0 -1.0 -1.0 -1.0 -1.0 49.0 32.0 -1.0 -1.0 13.0 -1.0 25.0 -1.0 
34.0 -1.0 -1.0 -1.0 32.0 -1.0 -1.0 43.0 28.0 -1.0 44.0 -1.0 43.0 24.0 -1.0 42.0 -1.0 13.0 
34.0 -1.0 29.0 -1.0 -1.0 -1.0 47.0 36.0 -1.0 -1.0 -1.0 -1.0 -1.0 -1.0 26.0 -1.0 -1.0 25.0 
50.0 -1.0 -1.0 -1.0 34.0 -1.0 41.0 20.0 -1.0 14.0 -1.0 30.0 11.0 31.0 33.0 -1.0 25.0 -1.0 
43.0 -1.0 -1.0 -1.0 23.0 17.0 -1.0 -1.0 -1.0 29.0 44.0 -1.0 50.0 -1.0 18.0 -1.0 -1.0 -1.0 
-1.0 43.0 -1.0 -1.0 -1.0 -1.0 -1.0 37.0 -1.0 -1.0 11.0 -1.0 28.0 -1.0 -1.0 30.0 -1.0 -1.0 
-1.0 -1.0 -1.0 -1.0 35.0 34.0 10.0 -1.0 -1.0 -1.0 25.0 48.0 -1.0 -1.0 -1.0 10.0 -1.0 -1.0 
-1.0 34.0 -1.0 14.0 -1.0 -1.0 -1.0 -1.0 -1.0 -1.0 49.0 41.0 50.0 45.0 -1.0 46.0 -1.0 42.0 
44.0 -1.0 48.0 -1.0 45.0 21.0 -1.0 -1.0 46.0 -1.0 -1.0 46.0 -1.0 -1.0 -1.0 -1.0 39.0 32.0 
11.0 18.0 -1.0 -1.0 -1.0 35.0 46.0 -1.0 -1.0 22.0 19.0 -1.0 20.0 -1.0 16.0 -1.0 12.0 -1.0 
24.0 29.0 -1.0 -1.0 -1.0 19.0 36.0 -1.0 -1.0 -1.0 -1.0 43.0 -1.0 -1.0 50.0 -1.0 -1.0 -1.0 
11.0 16.0 -1.0 -1.0 -1.0 14.0 35.0 40.0 43.0 13.0 -1.0 -1.0 -1.0 -1.0 -1.0 31.0 11.0 18.0 
19.0 -1.0 -1.0 -1.0 -1.0 -1.0 13.0 -1.0 -1.0 -1.0 -1.0 27.0 16.0 -1.0 -1.0 -1.0 -1.0 -1.0 
-1.0 -1.0 -1.0 -1.0 27.0 -1.0 16.0 -1.0 -1.0 -1.0 -1.0 -1.0 -1.0 -1.0 19.0 19.0 -1.0 -1.0 
49.0 -1.0 12.0 -1.0 -1.0 -1.0 -1.0 -1.0 -1.0 -1.0 -1.0 25.0 -1.0 -1.0 -1.0 39.0 49.0 -1.0 
50.0 -1.0 -1.0 13.0 -1.0 15.0 -1.0 -1.0 16.0 18.0 -1.0 20.0 -1.0 -1.0 -1.0 15.0 -1.0 38.0 
-1.0 -1.0 -1.0 -1.0 -1.0 -1.0 40.0 -1.0 27.0 -1.0 -1.0 20.0 15.0 -1.0 -1.0 -1.0 -1.0 -1.0 
-1.0 24.0 21.0 27.0 32.0 -1.0 -1.0 -1.0 43.0 -1.0 47.0 -1.0 -1.0 -1.0 -1.0 -1.0 46.0 40.0 
-1.0 48.0 36.0 -1.0 -1.0 11.0 48.0 44.0 33.0 -1.0 -1.0 -1.0 -1.0 -1.0 12.0 25.0 11.0 47.0 
-1.0 -1.0 -1.0 29.0 -1.0 -1.0 -1.0 43.0 -1.0 24.0 -1.0 22.0 -1.0 -1.0 44.0 -1.0 -1.0 -1.0 
12.0 41.0 -1.0 -1.0 -1.0 48.0 -1.0 -1.0 -1.0 37.0 -1.0 32.0 48.0 -1.0 -1.0 -1.0 -1.0 -1.0 
-1.0 48.0 -1.0 43.0 -1.0 -1.0 37.0 16.0 37.0 -1.0 37.0 -1.0 29.0 14.0 16.0 -1.0 -1.0 -1.0 
-1.0 27.0 24.0 42.0 34.0 -1.0 -1.0 34.0 -1.0 19.0 -1.0 -1.0 40.0 -1.0 14.0 -1.0 25.0 -1.0 
10.0 -1.0 46.0 -1.0 -1.0 -1.0 -1.0 25.0 -1.0 -1.0 27.0 -1.0 39.0 23.0 47.0 -1.0 -1.0 16.0 
-1.0 -1.0 13.0 -1.0 -1.0 15.0 -1.0 -1.0 39.0 -1.0 -1.0 26.0 -1.0 31.0 15.0 -1.0 43.0 -1.0 
-1.0 36.0 28.0 15.0 -1.0 36.0 -1.0 32.0 -1.0 -1.0 34.0 -1.0 19.0 -1.0 -1.0 29.0 -1.0 -1.0 
-1.0 -1.0 -1.0 -1.0 -1.0 41.0 15.0 47.0 40.0 42.0 -1.0 16.0 44.0 -1.0 21.0 -1.0 12.0 -1.0 
17.0 -1.0 -1.0 -1.0 -1.0 14.0 -1.0 -1.0 -1.0 36.0 -1.0 -1.0 28.0 -1.0 -1.0 -1.0 10.0 46.0 
-1.0 -1.0 19.0 -1.0 -1.0 -1.0 23.0 37.0 -1.0 -1.0 -1.0 -1.0 12.0 23.0 44.0 -1.0 -1.0 -1.0 
38.0 16.0 -1.0 35.0 42.0 -1.0 -1.0 -1.0 -1.0 -1.0 -1.0 -1.0 -1.0 -1.0 -1.0 -1.0 -1.0 -1.0 
-1.0 -1.0 32.0 17.0 -1.0 19.0 28.0 -1.0 -1.0 -1.0 -1.0 -1.0 -1.0 -1.0 -1.0 13.0 -1.0 -1.0 
-1.0 14.0 49.0 -1.0 -1.0 16.0 33.0 13.0 -1.0 49.0 -1.0 -1.0 -1.0 -1.0 37.0 -1.0 -1.0 -1.0 
14.0 10.0 41.0 -1.0 -1.0 -1.0 -1.0 -1.0 36.0 -1.0 27.0 -1.0 -1.0 -1.0 43.0 -1.0 -1.0 -1.0 
-1.0 31.0 -1.0 29.0 11.0 36.0 18.0 26.0 27.0 -1.0 -1.0 -1.0 -1.0 -1.0 -1.0 -1.0 13.0 25.0 
-1.0 -1.0 -1.0 43.0 -1.0 10.0 -1.0 46.0 -1.0 12.0 12.0 34.0 -1.0 -1.0 41.0 -1.0 13.0 -1.0 
48.0 -1.0 35.0 -1.0 -1.0 39.0 -1.0 -1.0 -1.0 -1.0 -1.0 -1.0 -1.0 47.0 -1.0 -1.0 -1.0 -1.0 
-1.0 -1.0 38.0 30.0 -1.0 36.0 -1.0 34.0 -1.0 -1.0 16.0 46.0 -1.0 42.0 -1.0 15.0 37.0 -1.0 
-1.0 -1.0 -1.0 25.0 39.0 -1.0 40.0 -1.0 48.0 23.0 25.0 34.0 30.0 -1.0 -1.0 -1.0 32.0 14.0 
-1.0 -1.0 -1.0 20.0 -1.0 -1.0 -1.0 -1.0 28.0 -1.0 -1.0 34.0 -1.0 -1.0 33.0 -1.0 -1.0 -1.0 
-1.0 -1.0 -1.0 -1.0 19.0 -1.0 17.0 42.0 14.0 -1.0 49.0 19.0 -1.0 43.0 -1.0 -1.0 -1.0 -1.0 
-1.0 48.0 -1.0 27.0 -1.0 41.0 -1.0 36.0 -1.0 18.0 -1.0 -1.0 -1.0 -1.0 23.0 -1.0 -1.0 -1.0 
-1.0 12.0 20.0 -1.0 -1.0 -1.0 46.0 19.0 -1.0 24.0 27.0 -1.0 33.0 -1.0 -1.0 -1.0 45.0 -1.0 
43.0 -1.0 10.0 33.0 38.0 24.0 -1.0 -1.0 50.0 29.0 24.0 24.0 -1.0 -1.0 -1.0 -1.0 -1.0 29.0 
-1.0 -1.0 -1.0 -1.0 38.0 -1.0 -1.0 35.0 -1.0 -1.0 -1.0 -1.0 -1.0 -1.0 47.0 37.0 -1.0 -1.0 
-1.0 47.0 42.0 -1.0 -1.0 31.0 -1.0 30.0 -1.0 -1.0 16.0 -1.0 -1.0 -1.0 39.0 42.0 49.0 -1.0 
42.0 -1.0 -1.0 -1.0 -1.0 45.0 -1.0 -1.0 -1.0 -1.0 -1.0 -1.0 29.0 27.0 28.0 -1.0 -1.0 -1.0 
15.0 24.0 47.0 -1.0 33.0 41.0 -1.0 -1.0 -1.0 -1.0 36.0 44.0 -1.0 -1.0 42.0 -1.0 23.0 -1.0 
-1.0 21.0 13.0 38.0 -1.0 -1.0 -1.0 -1.0 22.0 25.0 37.0 -1.0 -1.0 50.0 40.0 32.0 -1.0 23.0 
-1.0 -1.0 26.0 -1.0 -1.0 12.0 45.0 16.0 -1.0 -1.0 -1.0 -1.0 24.0 -1.0 30.0 -1.0 47.0 27.0 
18.0 25.0 -1.0 -1.0 -1.0 -1.0 12.0 -1.0 49.0 30.0 -1.0 17.0 -1.0 -1.0 -1.0 -1.0 -1.0 29.0 
-1.0 -1.0 47.0 50.0 -1.0 -1.0 48.0 -1.0 -1.0 -1.0 22.0 12.0 -1.0 -1.0 28.0 12.0 -1.0 -1.0 
-1.0 -1.0 -1.0 -1.0 -1.0 -1.0 -1.0 28.0 17.0 21.0 -1.0 -1.0 -1.0 20.0 21.0 45.0 49.0 -1.0 
-1.0 -1.0 20.0 35.0 29.0 -1.0 -1.0 -1.0 46.0 -1.0 47.0 -1.0 -1.0 20.0 45.0 42.0 50.0 34.0 
21.0 -1.0 -1.0 -1.0 -1.0 46.0 -1.0 -1.0 -1.0 -1.0 30.0 35.0 -1.0 -1.0 49.0 -1.0 -1.0 -1.0 
21.0 -1.0 -1.0 28.0 -1.0 29.0 33.0 -1.0 19.0 -1.0 27.0 49.0 25.0 -1.0 -1.0 -1.0 -1.0 -1.0 
16.0 33.0 15.0 -1.0 -1.0 -1.0 17.0 -1.0 -1.0 10.0 38.0 -1.0 -1.0 49.0 32.0 16.0 -1.0 11.0 
-1.0 15.0 -1.0 -1.0 28.0 50.0 47.0 11.0 34.0 50.0 -1.0 25.0 -1.0 -1.0 -1.0 -1.0 -1.0 36.0 
33.0 15.0 32.0 11.0 -1.0 -1.0 50.0 44.0 -1.0 -1.0 40.0 -1.0 -1.0 -1.0 48.0 -1.0 40.0 -1.0 
34.0 24.0 -1.0 47.0 26.0 -1.0 -1.0 -1.0 32.0 -1.0 -1.0 15.0 18.0 17.0 -1.0 46.0 -1.0 -1.0 
-1.0 -1.0 -1.0 18.0 -1.0 -1.0 35.0 -1.0 -1.0 -1.0 43.0 19.0 -1.0 -1.0 -1.0 -1.0 12.0 13.0 
-1.0 -1.0 28.0 -1.0 -1.0 15.0 -1.0 30.0 -1.0 -1.0 12.0 -1.0 47.0 14.0 19.0 32.0 -1.0 31.0 
44.0 47.0 -1.0 -1.0 -1.0 -1.0 40.0 -1.0 41.0 -1.0 -1.0 -1.0 -1.0 -1.0 44.0 -1.0 17.0 -1.0 
-1.0 -1.0 -1.0 -1.0 19.0 33.0 -1.0 21.0 45.0 -1.0 41.0 -1.0 18.0 -1.0 41.0 20.0 13.0 16.0 
35.0 -1.0 -1.0 -1.0 -1.0 -1.0 -1.0 10.0 -1.0 45.0 -1.0 -1.0 -1.0 35.0 50.0 -1.0 -1.0 -1.0 
26.0 -1.0 -1.0 -1.0 -1.0 27.0 20.0 -1.0 -1.0 -1.0 -1.0 20.0 34.0 -1.0 -1.0 46.0 -1.0 46.0 
11.0 46.0 -1.0 -1.0 -1.0 10.0 -1.0 -1.0 -1.0 -1.0 -1.0 -1.0 -1.0 -1.0 46.0 -1.0 -1.0 -1.0 
25.0 -1.0 35.0 -1.0 -1.0 -1.0 -1.0 17.0 20.0 39.0 -1.0 39.0 33.0 -1.0 34.0 -1.0 31.0 25.0 
16.0 -1.0 -1.0 -1.0 27.0 -1.0 -1.0 -1.0 -1.0 15.0 32.0 -1.0 -1.0 -1.0 -1.0 28.0 -1.0 -1.0 
-1.0 -1.0 -1.0 -1.0 32.0 -1.0 24.0 -1.0 -1.0 -1.0 -1.0 -1.0 -1.0 20.0 22.0 42.0 22.0 28.0 
-1.0 26.0 37.0 -1.0 -1.0 -1.0 -1.0 39.0 39.0 -1.0 18.0 28.0 50.0 -1.0 -1.0 25.0 35.0 -1.0 
-1.0 -1.0 -1.0 -1.0 35.0 -1.0 -1.0 -1.0 -1.0 13.0 -1.0 -1.0 -1.0 -1.0 -1.0 44.0 20.0 -1.0 
-1.0 -1.0 -1.0 -1.0 -1.0 39.0 11.0 39.0 -1.0 -1.0 -1.0 -1.0 -1.0 17.0 17.0 -1.0 -1.0 10.0 
-1.0 -1.0 50.0 -1.0 -1.0 -1.0 46.0 -1.0 -1.0 -1.0 17.0 -1.0 49.0 20.0 -1.0 18.0 -1.0 22.0 
-1.0 12.0 34.0 -1.0 -1.0 21.0 19.0 13.0 24.0 -1.0 -1.0 24.0 37.0 -1.0 37.0 -1.0 -1.0 11.0 
-1.0 -1.0 -1.0 -1.0 11.0 -1.0 -1.0 -1.0 -1.0 43.0 -1.0 -1.0 -1.0 34.0 34.0 29.0 27.0 -1.0 
-1.0 -1.0 -1.0 -1.0 -1.0 -1.0 -1.0 -1.0 -1.0 -1.0 18.0 45.0 -1.0 -1.0 -1.0 29.0 -1.0 40.0 
11.0 -1.0 -1.0 21.0 -1.0 21.0 27.0 -1.0 -1.0 -1.0 -1.0 25.0 -1.0 -1.0 25.0 25.0 -1.0 -1.0 
-1.0 45.0 -1.0 -1.0 -1.0 41.0 15.0 16.0 -1.0 -1.0 -1.0 -1.0 -1.0 -1.0 -1.0 -1.0 -1.0 39.0 
15.0 -1.0 -1.0 -1.0 39.0 -1.0 -1.0 -1.0 -1.0 18.0 18.0 22.0 19.0 -1.0 -1.0 33.0 44.0 -1.0 
21.0 21.0 -1.0 -1.0 -1.0 -1.0 -1.0 -1.0 -1.0 34.0 -1.0 -1.0 -1.0 -1.0 -1.0 -1.0 -1.0 12.0 
-1.0 -1.0 -1.0 33.0 -1.0 -1.0 -1.0 24.0 -1.0 -1.0 44.0 -1.0 -1.0 -1.0 34.0 19.0 14.0 -1.0 
12.0 -1.0 12.0 -1.0 31.0 22.0 -1.0 34.0 12.0 -1.0 -1.0 -1.0 -1.0 -1.0 32.0 21.0 46.0 21.0 
-1.0 19.0 -1.0 -1.0 -1.0 -1.0 -1.0 -1.0 -1.0 18.0 -1.0 35.0 24.0 28.0 -1.0 33.0 19.0 -1.0 
11.0 -1.0 27.0 -1.0 -1.0 -1.0 -1.0 -1.0 32.0 -1.0 -1.0 -1.0 -1.0 -1.0 -1.0 -1.0 -1.0 42.0 
-1.0 15.0 -1.0 32.0 50.0 -1.0 -1.0 -1.0 -1.0 29.0 -1.0 -1.0 26.0 46.0 -1.0 -1.0 26.0 45.0 
40.0 -1.0 -1.0 -1.0 45.0 -1.0 -1.0 -1.0 -1.0 49.0 -1.0 -1.0 48.0 -1.0 -1.0 -1.0 -1.0 -1.0 
46.0 28.0 15.0 11.0 16.0 -1.0 -1.0 32.0 50.0 41.0 32.0 -1.0 -1.0 -1.0 -1.0 -1.0 -1.0 -1.0 
