***n m*** 
15 17 
***h*** 
14 10 5 12 12 6 11 12 14 9 13 6 12 13 15 
***d*** 
367.28 602.18 305.7 830.27 792.7 689.96 87.33 89.63 93.28 352.82 809.75 555.31 88.88 89.95 367.26 
***M*** 
6 13 1 8 3 9 14 2 7 
14 16 12 10 4 7 9 
9 2 8 15 10 14 7 6 17 
17 13 16 10 4 
7 14 8 1 6 3 10 
11 13 1 7 6 17 12 9 16 8 
5 1 2 7 11 10 3 12 4 8 
11 3 12 15 7 5 6 17 2 
17 14 15 9 10 12 6 3 4 
9 11 5 13 15 
6 1 11 14 4 16 9 12 10 
5 17 15 4 16 10 9 
10 3 4 8 
16 15 13 4 
12 4 7 15 2 3 11 
9 4 13 15 2 1 
14 1 16 9 11 5 2 3 
13 15 6 17 4 9 12 10 7 8 
13 7 16 6 11 17 1 
3 15 17 9 10 8 13 4 
16 3 1 6 
2 6 9 10 14 11 
2 7 8 14 1 10 17 6 15 
6 10 17 3 16 14 
5 16 13 3 12 11 15 
16 4 14 13 12 7 17 3 8 15 
17 2 11 1 15 12 16 7 8 9 
1 3 17 7 9 13 2 
11 10 17 5 
5 7 9 1 3 
4 13 11 3 12 
7 4 16 14 6 5 12 
15 1 12 5 3 4 6 8 14 
2 16 14 8 3 6 4 13 
14 10 1 4 6 7 3 2 16 13 
10 5 9 17 2 4 
14 1 3 12 2 8 4 13 5 10 
5 9 17 4 7 15 1 14 6 
5 4 16 7 14 17 1 13 9 2 
10 5 7 12 
6 3 4 10 
8 10 4 5 
8 16 9 3 
3 16 12 10 15 2 14 11 5 9 
1 5 6 17 13 12 9 4 8 10 
16 14 4 1 
16 2 8 4 9 17 15 10 
8 16 1 2 10 9 5 11 14 
6 8 15 1 16 10 9 14 13 12 
6 1 17 15 11 13 
10 4 11 12 7 14 17 8 
4 15 16 7 2 3 10 
14 1 5 6 16 13 10 17 3 15 
4 7 9 15 5 12 
3 2 8 17 4 
17 5 3 12 2 9 13 15 7 
3 7 13 16 14 10 17 11 1 
15 11 12 10 8 9 1 16 14 
3 5 13 14 6 11 10 12 15 7 
3 15 14 16 
5 2 6 8 
13 4 7 14 9 16 
3 11 10 15 9 6 1 
1 2 9 10 16 
3 7 4 14 5 
6 7 8 14 10 2 
4 7 12 11 16 2 13 10 15 
6 13 1 16 3 9 14 5 17 
10 17 6 15 4 3 9 
4 17 7 1 12 15 
1 11 14 5 16 3 8 2 13 15 
15 8 1 10 
11 15 6 9 
3 1 14 4 7 
14 15 12 9 4 11 
15 6 1 11 9 17 12 10 
16 13 3 6 8 1 14 12 15 10 
13 2 6 8 4 5 
10 14 8 17 12 4 1 13 11 3 
5 13 9 6 7 2 15 4 1 8 
4 11 9 15 16 
6 11 10 4 1 16 
17 9 6 3 15 14 13 
1 5 11 10 15 13 6 7 9 8 
7 5 16 3 
5 1 6 12 9 16 7 8 
8 6 1 17 2 14 9 3 7 
7 1 13 2 15 16 6 
6 4 2 10 
12 17 10 15 
11 6 10 3 4 16 
7 15 6 16 5 1 8 12 10 
3 9 11 17 13 14 
13 5 12 14 17 8 9 7 10 3 
17 13 10 1 2 5 8 
16 9 3 7 12 10 
7 6 3 8 16 15 1 9 13 
6 13 2 17 4 8 7 1 9 
17 13 11 14 9 5 1 
5 9 16 3 13 8 4 7 14 
8 16 6 13 11 1 5 
17 12 2 11 15 7 5 8 13 10 
13 6 8 4 3 2 16 15 14 
16 4 5 10 9 
10 11 8 6 9 12 3 4 15 2 
5 6 2 12 15 17 14 
7 10 9 17 4 6 12 16 13 
9 8 3 16 4 7 15 17 13 10 
2 15 13 14 3 12 
10 5 1 14 9 6 8 
13 6 15 11 9 1 14 5 12 
6 1 16 10 17 15 11 13 3 
16 15 8 6 2 9 3 13 17 11 
5 14 10 17 7 
3 16 8 5 13 14 10 
7 8 9 15 12 6 1 
3 2 9 8 6 11 12 5 
14 17 15 12 11 
4 14 7 9 17 2 11 
17 6 12 1 
7 16 14 4 2 
9 15 3 1 
17 15 1 11 2 
4 2 15 6 
11 5 3 7 15 8 
6 8 15 13 11 12 1 
7 3 13 10 5 16 12 9 15 
17 2 11 3 14 6 15 13 9 
7 13 8 6 11 17 2 3 5 16 
5 13 6 4 11 17 15 9 
2 6 12 9 13 10 8 14 16 
16 12 11 10 2 1 3 8 14 
6 7 2 13 9 17 10 12 11 5 
12 5 6 16 10 13 3 4 
13 2 8 6 10 17 
1 10 7 15 5 2 
12 2 15 5 11 14 3 9 8 17 
4 5 7 15 1 3 11 2 10 
11 4 9 5 3 12 14 8 
9 16 7 13 6 
17 6 9 14 3 16 7 
9 15 3 14 13 16 4 7 12 8 
15 10 8 11 7 14 6 9 1 
9 8 2 16 
12 9 5 11 1 3 
3 10 4 7 9 
12 14 8 2 7 11 9 13 6 
7 9 10 8 16 5 1 11 
15 7 6 10 5 4 11 
16 8 17 7 11 5 13 
8 2 6 11 4 14 1 13 9 17 
12 1 9 6 5 
15 11 6 12 10 16 9 
9 17 10 16 4 
17 10 12 15 1 6 14 7 
6 13 15 2 12 
17 4 2 15 10 9 7 14 5 
15 16 10 11 9 13 5 17 6 14 
11 6 16 5 13 
14 9 7 8 12 15 16 10 
5 3 2 1 
17 15 4 10 1 6 5 2 3 8 
8 14 11 3 13 
11 1 10 5 4 17 
***P*** 
20.0 34.0 29.0 -1.0 -1.0 21.0 32.0 39.0 23.0 -1.0 -1.0 -1.0 39.0 43.0 -1.0 -1.0 -1.0 
-1.0 -1.0 -1.0 20.0 -1.0 -1.0 28.0 -1.0 13.0 17.0 -1.0 43.0 -1.0 28.0 -1.0 40.0 -1.0 
-1.0 30.0 -1.0 -1.0 -1.0 32.0 50.0 11.0 38.0 38.0 -1.0 -1.0 -1.0 35.0 43.0 -1.0 13.0 
-1.0 -1.0 -1.0 49.0 -1.0 -1.0 -1.0 -1.0 -1.0 35.0 -1.0 -1.0 38.0 -1.0 -1.0 48.0 19.0 
19.0 -1.0 21.0 -1.0 -1.0 28.0 10.0 31.0 -1.0 34.0 -1.0 -1.0 -1.0 30.0 -1.0 -1.0 -1.0 
18.0 -1.0 -1.0 -1.0 -1.0 22.0 36.0 46.0 45.0 -1.0 48.0 26.0 37.0 -1.0 -1.0 50.0 10.0 
27.0 27.0 14.0 15.0 39.0 -1.0 50.0 35.0 -1.0 42.0 44.0 49.0 -1.0 -1.0 -1.0 -1.0 -1.0 
-1.0 15.0 42.0 -1.0 17.0 28.0 22.0 -1.0 -1.0 -1.0 40.0 20.0 -1.0 -1.0 13.0 -1.0 42.0 
-1.0 -1.0 27.0 41.0 -1.0 16.0 -1.0 -1.0 50.0 22.0 -1.0 34.0 -1.0 44.0 33.0 -1.0 45.0 
-1.0 -1.0 -1.0 -1.0 20.0 -1.0 -1.0 -1.0 10.0 -1.0 44.0 -1.0 33.0 -1.0 40.0 -1.0 -1.0 
45.0 -1.0 -1.0 24.0 -1.0 31.0 -1.0 -1.0 24.0 19.0 49.0 34.0 -1.0 25.0 -1.0 33.0 -1.0 
-1.0 -1.0 -1.0 44.0 42.0 -1.0 -1.0 -1.0 13.0 50.0 -1.0 -1.0 -1.0 -1.0 21.0 10.0 32.0 
-1.0 -1.0 35.0 36.0 -1.0 -1.0 -1.0 36.0 -1.0 49.0 -1.0 -1.0 -1.0 -1.0 -1.0 -1.0 -1.0 
-1.0 -1.0 -1.0 18.0 -1.0 -1.0 -1.0 -1.0 -1.0 -1.0 -1.0 -1.0 38.0 -1.0 19.0 43.0 -1.0 
-1.0 28.0 14.0 35.0 -1.0 -1.0 23.0 -1.0 -1.0 -1.0 10.0 40.0 -1.0 -1.0 46.0 -1.0 -1.0 
42.0 28.0 -1.0 48.0 -1.0 -1.0 -1.0 -1.0 50.0 -1.0 -1.0 -1.0 20.0 -1.0 11.0 -1.0 -1.0 
48.0 43.0 11.0 -1.0 13.0 -1.0 -1.0 -1.0 13.0 -1.0 37.0 -1.0 -1.0 44.0 -1.0 41.0 -1.0 
-1.0 -1.0 -1.0 36.0 -1.0 17.0 21.0 20.0 41.0 50.0 -1.0 28.0 24.0 -1.0 14.0 -1.0 36.0 
33.0 -1.0 -1.0 -1.0 -1.0 42.0 32.0 -1.0 -1.0 -1.0 45.0 -1.0 11.0 -1.0 -1.0 33.0 25.0 
-1.0 -1.0 25.0 37.0 -1.0 -1.0 -1.0 47.0 45.0 27.0 -1.0 -1.0 30.0 -1.0 41.0 -1.0 37.0 
17.0 -1.0 33.0 -1.0 -1.0 38.0 -1.0 -1.0 -1.0 -1.0 -1.0 -1.0 -1.0 -1.0 -1.0 49.0 -1.0 
-1.0 31.0 -1.0 -1.0 -1.0 23.0 -1.0 -1.0 43.0 38.0 22.0 -1.0 -1.0 27.0 -1.0 -1.0 -1.0 
20.0 49.0 -1.0 -1.0 -1.0 19.0 17.0 30.0 -1.0 49.0 -1.0 -1.0 -1.0 46.0 39.0 -1.0 46.0 
-1.0 -1.0 28.0 -1.0 -1.0 21.0 -1.0 -1.0 -1.0 10.0 -1.0 -1.0 -1.0 48.0 -1.0 44.0 18.0 
-1.0 -1.0 33.0 -1.0 46.0 -1.0 -1.0 -1.0 -1.0 -1.0 14.0 45.0 34.0 -1.0 30.0 43.0 -1.0 
-1.0 -1.0 40.0 20.0 -1.0 -1.0 30.0 19.0 -1.0 -1.0 -1.0 21.0 47.0 27.0 29.0 42.0 22.0 
38.0 45.0 -1.0 -1.0 -1.0 -1.0 34.0 10.0 47.0 -1.0 22.0 33.0 -1.0 -1.0 14.0 48.0 23.0 
41.0 24.0 47.0 -1.0 -1.0 -1.0 18.0 -1.0 44.0 -1.0 -1.0 -1.0 20.0 -1.0 -1.0 -1.0 24.0 
-1.0 -1.0 -1.0 -1.0 50.0 -1.0 -1.0 -1.0 -1.0 21.0 35.0 -1.0 -1.0 -1.0 -1.0 -1.0 13.0 
42.0 -1.0 48.0 -1.0 48.0 -1.0 45.0 -1.0 37.0 -1.0 -1.0 -1.0 -1.0 -1.0 -1.0 -1.0 -1.0 
-1.0 -1.0 37.0 12.0 -1.0 -1.0 -1.0 -1.0 -1.0 -1.0 50.0 31.0 18.0 -1.0 -1.0 -1.0 -1.0 
-1.0 -1.0 -1.0 23.0 50.0 31.0 42.0 -1.0 -1.0 -1.0 -1.0 44.0 -1.0 44.0 -1.0 40.0 -1.0 
22.0 -1.0 31.0 33.0 10.0 38.0 -1.0 44.0 -1.0 -1.0 -1.0 44.0 -1.0 10.0 29.0 -1.0 -1.0 
-1.0 47.0 26.0 41.0 -1.0 21.0 -1.0 39.0 -1.0 -1.0 -1.0 -1.0 50.0 19.0 -1.0 39.0 -1.0 
43.0 35.0 18.0 33.0 -1.0 12.0 33.0 -1.0 -1.0 25.0 -1.0 -1.0 40.0 16.0 -1.0 20.0 -1.0 
-1.0 41.0 -1.0 15.0 42.0 -1.0 -1.0 -1.0 44.0 44.0 -1.0 -1.0 -1.0 -1.0 -1.0 -1.0 17.0 
28.0 21.0 23.0 47.0 19.0 -1.0 -1.0 30.0 -1.0 31.0 -1.0 22.0 27.0 42.0 -1.0 -1.0 -1.0 
35.0 -1.0 -1.0 28.0 26.0 27.0 16.0 -1.0 38.0 -1.0 -1.0 -1.0 -1.0 15.0 46.0 -1.0 17.0 
41.0 27.0 -1.0 28.0 13.0 -1.0 16.0 -1.0 41.0 -1.0 -1.0 -1.0 10.0 25.0 -1.0 23.0 22.0 
-1.0 -1.0 -1.0 -1.0 44.0 -1.0 45.0 -1.0 -1.0 43.0 -1.0 33.0 -1.0 -1.0 -1.0 -1.0 -1.0 
-1.0 -1.0 10.0 47.0 -1.0 41.0 -1.0 -1.0 -1.0 29.0 -1.0 -1.0 -1.0 -1.0 -1.0 -1.0 -1.0 
-1.0 -1.0 -1.0 10.0 30.0 -1.0 -1.0 41.0 -1.0 44.0 -1.0 -1.0 -1.0 -1.0 -1.0 -1.0 -1.0 
-1.0 -1.0 46.0 -1.0 -1.0 -1.0 -1.0 37.0 47.0 -1.0 -1.0 -1.0 -1.0 -1.0 -1.0 27.0 -1.0 
-1.0 22.0 33.0 -1.0 37.0 -1.0 -1.0 -1.0 25.0 33.0 46.0 13.0 -1.0 47.0 12.0 29.0 -1.0 
43.0 -1.0 -1.0 38.0 35.0 24.0 -1.0 30.0 10.0 45.0 -1.0 32.0 26.0 -1.0 -1.0 -1.0 42.0 
21.0 -1.0 -1.0 17.0 -1.0 -1.0 -1.0 -1.0 -1.0 -1.0 -1.0 -1.0 -1.0 19.0 -1.0 36.0 -1.0 
-1.0 10.0 -1.0 13.0 -1.0 -1.0 -1.0 46.0 44.0 49.0 -1.0 -1.0 -1.0 -1.0 50.0 21.0 13.0 
22.0 19.0 -1.0 -1.0 31.0 -1.0 -1.0 45.0 46.0 50.0 21.0 -1.0 -1.0 48.0 -1.0 27.0 -1.0 
12.0 -1.0 -1.0 -1.0 -1.0 24.0 -1.0 50.0 40.0 20.0 -1.0 46.0 20.0 24.0 29.0 36.0 -1.0 
45.0 -1.0 -1.0 -1.0 -1.0 38.0 -1.0 -1.0 -1.0 -1.0 41.0 -1.0 24.0 -1.0 50.0 -1.0 27.0 
-1.0 -1.0 -1.0 13.0 -1.0 -1.0 50.0 39.0 -1.0 46.0 33.0 35.0 -1.0 21.0 -1.0 -1.0 11.0 
-1.0 35.0 20.0 48.0 -1.0 -1.0 10.0 -1.0 -1.0 33.0 -1.0 -1.0 -1.0 -1.0 21.0 15.0 -1.0 
47.0 -1.0 29.0 -1.0 11.0 46.0 -1.0 -1.0 -1.0 25.0 -1.0 -1.0 50.0 26.0 29.0 24.0 24.0 
-1.0 -1.0 -1.0 20.0 38.0 -1.0 41.0 -1.0 24.0 -1.0 -1.0 44.0 -1.0 -1.0 28.0 -1.0 -1.0 
-1.0 44.0 30.0 49.0 -1.0 -1.0 -1.0 14.0 -1.0 -1.0 -1.0 -1.0 -1.0 -1.0 -1.0 -1.0 34.0 
-1.0 23.0 12.0 -1.0 39.0 -1.0 48.0 -1.0 29.0 -1.0 -1.0 46.0 20.0 -1.0 43.0 -1.0 20.0 
33.0 -1.0 43.0 -1.0 -1.0 -1.0 48.0 -1.0 -1.0 41.0 42.0 -1.0 32.0 40.0 -1.0 46.0 10.0 
29.0 -1.0 -1.0 -1.0 -1.0 -1.0 -1.0 37.0 11.0 35.0 12.0 24.0 -1.0 20.0 13.0 48.0 -1.0 
-1.0 -1.0 14.0 -1.0 20.0 46.0 45.0 -1.0 -1.0 18.0 25.0 21.0 14.0 41.0 19.0 -1.0 -1.0 
-1.0 -1.0 41.0 -1.0 -1.0 -1.0 -1.0 -1.0 -1.0 -1.0 -1.0 -1.0 -1.0 18.0 10.0 22.0 -1.0 
-1.0 25.0 -1.0 -1.0 19.0 19.0 -1.0 40.0 -1.0 -1.0 -1.0 -1.0 -1.0 -1.0 -1.0 -1.0 -1.0 
-1.0 -1.0 -1.0 24.0 -1.0 -1.0 26.0 -1.0 39.0 -1.0 -1.0 -1.0 18.0 29.0 -1.0 15.0 -1.0 
39.0 -1.0 33.0 -1.0 -1.0 36.0 -1.0 -1.0 35.0 38.0 42.0 -1.0 -1.0 -1.0 43.0 -1.0 -1.0 
29.0 47.0 -1.0 -1.0 -1.0 -1.0 -1.0 -1.0 23.0 21.0 -1.0 -1.0 -1.0 -1.0 -1.0 48.0 -1.0 
-1.0 -1.0 13.0 31.0 26.0 -1.0 28.0 -1.0 -1.0 -1.0 -1.0 -1.0 -1.0 12.0 -1.0 -1.0 -1.0 
-1.0 17.0 -1.0 -1.0 -1.0 28.0 35.0 34.0 -1.0 35.0 -1.0 -1.0 -1.0 36.0 -1.0 -1.0 -1.0 
-1.0 44.0 -1.0 31.0 -1.0 -1.0 49.0 -1.0 -1.0 46.0 36.0 44.0 35.0 -1.0 29.0 47.0 -1.0 
18.0 -1.0 30.0 -1.0 22.0 35.0 -1.0 -1.0 35.0 -1.0 -1.0 -1.0 39.0 10.0 -1.0 38.0 14.0 
-1.0 -1.0 26.0 47.0 -1.0 18.0 -1.0 -1.0 28.0 34.0 -1.0 -1.0 -1.0 -1.0 26.0 -1.0 29.0 
50.0 -1.0 -1.0 28.0 -1.0 -1.0 13.0 -1.0 -1.0 -1.0 -1.0 39.0 -1.0 -1.0 25.0 -1.0 17.0 
37.0 11.0 29.0 -1.0 25.0 -1.0 -1.0 47.0 -1.0 -1.0 48.0 -1.0 30.0 18.0 10.0 44.0 -1.0 
27.0 -1.0 -1.0 -1.0 -1.0 -1.0 -1.0 50.0 -1.0 19.0 -1.0 -1.0 -1.0 -1.0 47.0 -1.0 -1.0 
-1.0 -1.0 -1.0 -1.0 -1.0 38.0 -1.0 -1.0 34.0 -1.0 22.0 -1.0 -1.0 -1.0 32.0 -1.0 -1.0 
16.0 -1.0 46.0 45.0 -1.0 -1.0 48.0 -1.0 -1.0 -1.0 -1.0 -1.0 -1.0 29.0 -1.0 -1.0 -1.0 
-1.0 -1.0 -1.0 44.0 -1.0 -1.0 -1.0 -1.0 41.0 -1.0 41.0 29.0 -1.0 44.0 24.0 -1.0 -1.0 
47.0 -1.0 -1.0 -1.0 -1.0 33.0 -1.0 -1.0 12.0 10.0 29.0 35.0 -1.0 -1.0 12.0 -1.0 10.0 
46.0 -1.0 14.0 -1.0 -1.0 31.0 -1.0 37.0 -1.0 47.0 -1.0 32.0 31.0 33.0 43.0 50.0 -1.0 
-1.0 38.0 -1.0 45.0 36.0 35.0 -1.0 18.0 -1.0 -1.0 -1.0 -1.0 39.0 -1.0 -1.0 -1.0 -1.0 
46.0 -1.0 10.0 16.0 -1.0 -1.0 -1.0 17.0 -1.0 22.0 30.0 32.0 32.0 31.0 -1.0 -1.0 18.0 
25.0 42.0 -1.0 39.0 39.0 19.0 49.0 27.0 22.0 -1.0 -1.0 -1.0 29.0 -1.0 42.0 -1.0 -1.0 
-1.0 -1.0 -1.0 25.0 -1.0 -1.0 -1.0 -1.0 12.0 -1.0 33.0 -1.0 -1.0 -1.0 24.0 45.0 -1.0 
27.0 -1.0 -1.0 45.0 -1.0 15.0 -1.0 -1.0 -1.0 40.0 48.0 -1.0 -1.0 -1.0 -1.0 27.0 -1.0 
-1.0 -1.0 46.0 -1.0 -1.0 27.0 -1.0 -1.0 34.0 -1.0 -1.0 -1.0 24.0 11.0 47.0 -1.0 47.0 
14.0 -1.0 -1.0 -1.0 32.0 11.0 40.0 16.0 17.0 40.0 42.0 -1.0 39.0 -1.0 49.0 -1.0 -1.0 
-1.0 -1.0 47.0 -1.0 28.0 -1.0 16.0 -1.0 -1.0 -1.0 -1.0 -1.0 -1.0 -1.0 -1.0 43.0 -1.0 
24.0 -1.0 -1.0 -1.0 14.0 24.0 12.0 40.0 31.0 -1.0 -1.0 48.0 -1.0 -1.0 -1.0 24.0 -1.0 
17.0 13.0 11.0 -1.0 -1.0 27.0 44.0 31.0 25.0 -1.0 -1.0 -1.0 -1.0 35.0 -1.0 -1.0 31.0 
27.0 28.0 -1.0 -1.0 -1.0 33.0 41.0 -1.0 -1.0 -1.0 -1.0 -1.0 41.0 -1.0 33.0 42.0 -1.0 
-1.0 33.0 -1.0 14.0 -1.0 19.0 -1.0 -1.0 -1.0 23.0 -1.0 -1.0 -1.0 -1.0 -1.0 -1.0 -1.0 
-1.0 -1.0 -1.0 -1.0 -1.0 -1.0 -1.0 -1.0 -1.0 17.0 -1.0 21.0 -1.0 -1.0 21.0 -1.0 40.0 
-1.0 -1.0 26.0 14.0 -1.0 18.0 -1.0 -1.0 -1.0 20.0 38.0 -1.0 -1.0 -1.0 -1.0 15.0 -1.0 
44.0 -1.0 -1.0 -1.0 41.0 13.0 18.0 11.0 -1.0 23.0 -1.0 49.0 -1.0 -1.0 43.0 38.0 -1.0 
-1.0 -1.0 42.0 -1.0 -1.0 -1.0 -1.0 -1.0 17.0 -1.0 32.0 -1.0 25.0 39.0 -1.0 -1.0 39.0 
-1.0 -1.0 41.0 -1.0 28.0 -1.0 26.0 18.0 50.0 47.0 -1.0 13.0 38.0 10.0 -1.0 -1.0 23.0 
29.0 41.0 -1.0 -1.0 32.0 -1.0 -1.0 46.0 -1.0 26.0 -1.0 -1.0 47.0 -1.0 -1.0 -1.0 36.0 
-1.0 -1.0 26.0 -1.0 -1.0 -1.0 27.0 -1.0 35.0 45.0 -1.0 47.0 -1.0 -1.0 -1.0 47.0 -1.0 
12.0 -1.0 29.0 -1.0 -1.0 19.0 25.0 15.0 22.0 -1.0 -1.0 -1.0 41.0 -1.0 46.0 43.0 -1.0 
11.0 41.0 -1.0 47.0 -1.0 16.0 11.0 41.0 22.0 -1.0 -1.0 -1.0 11.0 -1.0 -1.0 -1.0 27.0 
23.0 -1.0 -1.0 -1.0 14.0 -1.0 -1.0 -1.0 18.0 -1.0 49.0 -1.0 26.0 10.0 -1.0 -1.0 10.0 
-1.0 -1.0 32.0 21.0 16.0 -1.0 30.0 44.0 28.0 -1.0 -1.0 -1.0 44.0 42.0 -1.0 34.0 -1.0 
29.0 -1.0 -1.0 -1.0 24.0 41.0 -1.0 43.0 -1.0 -1.0 17.0 -1.0 25.0 -1.0 -1.0 16.0 -1.0 
-1.0 19.0 -1.0 -1.0 18.0 -1.0 42.0 34.0 -1.0 49.0 44.0 38.0 20.0 -1.0 21.0 -1.0 38.0 
-1.0 16.0 23.0 18.0 -1.0 26.0 -1.0 24.0 -1.0 -1.0 -1.0 -1.0 23.0 24.0 46.0 28.0 -1.0 
-1.0 -1.0 -1.0 41.0 48.0 -1.0 -1.0 -1.0 25.0 11.0 -1.0 -1.0 -1.0 -1.0 -1.0 43.0 -1.0 
-1.0 36.0 12.0 32.0 -1.0 30.0 -1.0 49.0 45.0 35.0 17.0 15.0 -1.0 -1.0 49.0 -1.0 -1.0 
-1.0 23.0 -1.0 -1.0 11.0 12.0 -1.0 -1.0 -1.0 -1.0 -1.0 31.0 -1.0 21.0 25.0 -1.0 30.0 
-1.0 -1.0 -1.0 25.0 -1.0 41.0 23.0 -1.0 10.0 13.0 -1.0 49.0 17.0 -1.0 -1.0 20.0 14.0 
-1.0 -1.0 36.0 24.0 -1.0 -1.0 19.0 20.0 36.0 10.0 -1.0 -1.0 26.0 -1.0 28.0 18.0 45.0 
-1.0 42.0 41.0 -1.0 -1.0 -1.0 -1.0 -1.0 -1.0 -1.0 -1.0 28.0 42.0 28.0 35.0 -1.0 -1.0 
14.0 -1.0 -1.0 -1.0 15.0 23.0 -1.0 32.0 38.0 36.0 -1.0 -1.0 -1.0 23.0 -1.0 -1.0 -1.0 
10.0 -1.0 -1.0 -1.0 12.0 26.0 -1.0 -1.0 25.0 -1.0 47.0 14.0 12.0 21.0 10.0 -1.0 -1.0 
28.0 -1.0 39.0 -1.0 -1.0 34.0 -1.0 -1.0 -1.0 14.0 37.0 -1.0 48.0 -1.0 14.0 27.0 40.0 
-1.0 40.0 23.0 -1.0 -1.0 35.0 -1.0 43.0 25.0 -1.0 49.0 -1.0 24.0 -1.0 26.0 26.0 13.0 
-1.0 -1.0 -1.0 -1.0 34.0 -1.0 48.0 -1.0 -1.0 46.0 -1.0 -1.0 -1.0 49.0 -1.0 -1.0 18.0 
-1.0 -1.0 50.0 -1.0 23.0 -1.0 -1.0 24.0 -1.0 22.0 -1.0 -1.0 31.0 50.0 -1.0 45.0 -1.0 
17.0 -1.0 -1.0 -1.0 -1.0 20.0 34.0 40.0 16.0 -1.0 -1.0 46.0 -1.0 -1.0 14.0 -1.0 -1.0 
-1.0 44.0 39.0 -1.0 25.0 41.0 -1.0 43.0 49.0 -1.0 40.0 47.0 -1.0 -1.0 -1.0 -1.0 -1.0 
-1.0 -1.0 -1.0 -1.0 -1.0 -1.0 -1.0 -1.0 -1.0 -1.0 16.0 25.0 -1.0 45.0 42.0 -1.0 28.0 
-1.0 47.0 -1.0 50.0 -1.0 -1.0 46.0 -1.0 18.0 -1.0 49.0 -1.0 -1.0 50.0 -1.0 -1.0 11.0 
28.0 -1.0 -1.0 -1.0 -1.0 18.0 -1.0 -1.0 -1.0 -1.0 -1.0 33.0 -1.0 -1.0 -1.0 -1.0 30.0 
-1.0 46.0 -1.0 19.0 -1.0 -1.0 48.0 -1.0 -1.0 -1.0 -1.0 -1.0 -1.0 41.0 -1.0 34.0 -1.0 
22.0 -1.0 37.0 -1.0 -1.0 -1.0 -1.0 -1.0 28.0 -1.0 -1.0 -1.0 -1.0 -1.0 12.0 -1.0 -1.0 
40.0 30.0 -1.0 -1.0 -1.0 -1.0 -1.0 -1.0 -1.0 -1.0 15.0 -1.0 -1.0 -1.0 28.0 -1.0 48.0 
-1.0 40.0 -1.0 17.0 -1.0 26.0 -1.0 -1.0 -1.0 -1.0 -1.0 -1.0 -1.0 -1.0 34.0 -1.0 -1.0 
-1.0 -1.0 39.0 -1.0 50.0 -1.0 24.0 15.0 -1.0 -1.0 15.0 -1.0 -1.0 -1.0 18.0 -1.0 -1.0 
11.0 -1.0 -1.0 -1.0 -1.0 14.0 -1.0 35.0 -1.0 -1.0 33.0 11.0 39.0 -1.0 23.0 -1.0 -1.0 
-1.0 -1.0 50.0 -1.0 16.0 -1.0 49.0 -1.0 29.0 37.0 -1.0 37.0 47.0 -1.0 26.0 44.0 -1.0 
-1.0 29.0 42.0 -1.0 -1.0 29.0 -1.0 -1.0 48.0 -1.0 25.0 -1.0 37.0 49.0 31.0 -1.0 30.0 
-1.0 37.0 39.0 -1.0 44.0 33.0 10.0 32.0 -1.0 -1.0 14.0 -1.0 18.0 -1.0 -1.0 36.0 16.0 
-1.0 -1.0 -1.0 38.0 42.0 28.0 -1.0 -1.0 21.0 -1.0 48.0 -1.0 15.0 -1.0 21.0 -1.0 22.0 
-1.0 40.0 -1.0 -1.0 -1.0 32.0 -1.0 17.0 14.0 49.0 -1.0 31.0 45.0 11.0 -1.0 25.0 -1.0 
31.0 48.0 37.0 -1.0 -1.0 -1.0 -1.0 33.0 -1.0 25.0 32.0 28.0 -1.0 49.0 -1.0 49.0 -1.0 
-1.0 50.0 -1.0 -1.0 44.0 14.0 12.0 -1.0 49.0 48.0 12.0 31.0 37.0 -1.0 -1.0 -1.0 15.0 
-1.0 -1.0 32.0 10.0 37.0 49.0 -1.0 -1.0 -1.0 36.0 -1.0 23.0 30.0 -1.0 -1.0 10.0 -1.0 
-1.0 14.0 -1.0 -1.0 -1.0 35.0 -1.0 22.0 -1.0 25.0 -1.0 -1.0 45.0 -1.0 -1.0 -1.0 29.0 
21.0 35.0 -1.0 -1.0 17.0 -1.0 12.0 -1.0 -1.0 15.0 -1.0 -1.0 -1.0 -1.0 35.0 -1.0 -1.0 
-1.0 32.0 16.0 -1.0 37.0 -1.0 -1.0 34.0 32.0 -1.0 34.0 33.0 -1.0 16.0 45.0 -1.0 15.0 
12.0 25.0 34.0 48.0 47.0 -1.0 37.0 -1.0 -1.0 27.0 40.0 -1.0 -1.0 -1.0 10.0 -1.0 -1.0 
-1.0 -1.0 36.0 33.0 15.0 -1.0 -1.0 12.0 18.0 -1.0 31.0 18.0 -1.0 22.0 -1.0 -1.0 -1.0 
-1.0 -1.0 -1.0 -1.0 -1.0 22.0 11.0 -1.0 10.0 -1.0 -1.0 -1.0 42.0 -1.0 -1.0 46.0 -1.0 
-1.0 -1.0 37.0 -1.0 -1.0 48.0 38.0 -1.0 20.0 -1.0 -1.0 -1.0 -1.0 37.0 -1.0 28.0 27.0 
-1.0 -1.0 39.0 39.0 -1.0 -1.0 27.0 49.0 49.0 -1.0 -1.0 45.0 39.0 42.0 50.0 25.0 -1.0 
47.0 -1.0 -1.0 -1.0 -1.0 13.0 22.0 47.0 21.0 34.0 10.0 -1.0 -1.0 38.0 39.0 -1.0 -1.0 
-1.0 38.0 -1.0 -1.0 -1.0 -1.0 -1.0 27.0 45.0 -1.0 -1.0 -1.0 -1.0 -1.0 -1.0 29.0 -1.0 
45.0 -1.0 45.0 -1.0 37.0 -1.0 -1.0 -1.0 50.0 -1.0 33.0 29.0 -1.0 -1.0 -1.0 -1.0 -1.0 
-1.0 -1.0 50.0 17.0 -1.0 -1.0 38.0 -1.0 38.0 50.0 -1.0 -1.0 -1.0 -1.0 -1.0 -1.0 -1.0 
-1.0 46.0 -1.0 -1.0 -1.0 48.0 50.0 35.0 14.0 -1.0 37.0 35.0 41.0 49.0 -1.0 -1.0 -1.0 
44.0 -1.0 -1.0 -1.0 35.0 -1.0 46.0 41.0 50.0 41.0 29.0 -1.0 -1.0 -1.0 -1.0 23.0 -1.0 
-1.0 -1.0 -1.0 31.0 12.0 27.0 26.0 -1.0 -1.0 26.0 33.0 -1.0 -1.0 -1.0 25.0 -1.0 -1.0 
-1.0 -1.0 -1.0 -1.0 39.0 -1.0 41.0 46.0 -1.0 -1.0 44.0 -1.0 49.0 -1.0 -1.0 16.0 24.0 
42.0 31.0 -1.0 14.0 -1.0 43.0 -1.0 38.0 42.0 -1.0 27.0 -1.0 32.0 12.0 -1.0 -1.0 39.0 
28.0 -1.0 -1.0 -1.0 37.0 10.0 -1.0 -1.0 40.0 -1.0 -1.0 38.0 -1.0 -1.0 -1.0 -1.0 -1.0 
-1.0 -1.0 -1.0 -1.0 -1.0 46.0 -1.0 -1.0 31.0 15.0 47.0 45.0 -1.0 -1.0 39.0 11.0 -1.0 
-1.0 -1.0 -1.0 45.0 -1.0 -1.0 -1.0 -1.0 27.0 10.0 -1.0 -1.0 -1.0 -1.0 -1.0 42.0 18.0 
31.0 -1.0 -1.0 -1.0 -1.0 18.0 32.0 -1.0 -1.0 21.0 -1.0 12.0 -1.0 43.0 29.0 -1.0 12.0 
-1.0 43.0 -1.0 -1.0 -1.0 35.0 -1.0 -1.0 -1.0 -1.0 -1.0 22.0 41.0 -1.0 49.0 -1.0 -1.0 
-1.0 42.0 -1.0 42.0 10.0 -1.0 26.0 -1.0 40.0 30.0 -1.0 -1.0 -1.0 11.0 31.0 -1.0 26.0 
-1.0 -1.0 -1.0 -1.0 46.0 43.0 -1.0 -1.0 35.0 31.0 20.0 -1.0 47.0 13.0 47.0 23.0 41.0 
-1.0 -1.0 -1.0 -1.0 14.0 35.0 -1.0 -1.0 -1.0 -1.0 15.0 -1.0 40.0 -1.0 -1.0 50.0 -1.0 
-1.0 -1.0 -1.0 -1.0 -1.0 -1.0 37.0 17.0 24.0 10.0 -1.0 39.0 -1.0 12.0 46.0 41.0 -1.0 
41.0 15.0 14.0 -1.0 29.0 -1.0 -1.0 -1.0 -1.0 -1.0 -1.0 -1.0 -1.0 -1.0 -1.0 -1.0 -1.0 
29.0 50.0 47.0 40.0 30.0 46.0 -1.0 44.0 -1.0 13.0 -1.0 -1.0 -1.0 -1.0 19.0 -1.0 34.0 
-1.0 -1.0 13.0 -1.0 -1.0 -1.0 -1.0 19.0 -1.0 -1.0 40.0 -1.0 43.0 30.0 -1.0 -1.0 -1.0 
29.0 -1.0 -1.0 43.0 33.0 -1.0 -1.0 -1.0 -1.0 19.0 50.0 -1.0 -1.0 -1.0 -1.0 -1.0 32.0 
