***n m*** 
30 15 
***h*** 
15 15 7 15 15 11 8 6 15 15 7 8 15 13 11 9 11 7 5 11 9 8 10 9 9 5 9 12 10 10 
***d*** 
132.38 793.02 480.03 528.3 797.05 509.77 122.37 1047.56 947.65 915.26 116.46 864.3 811.24 1201.57 778.09 513.14 766.68 864.64 1003.27 886.66 896.62 853.94 1133.24 1143.31 763.45 113.63 887.36 129.85 1158.44 126.76 
***M*** 
1 9 12 13 11 14 6 2 8 4 
13 15 9 8 12 4 10 3 2 7 
7 4 6 2 10 
14 9 7 4 13 15 
10 11 12 7 8 4 1 2 3 5 
2 10 7 15 5 9 
4 1 15 14 7 13 
14 7 6 10 11 2 9 
11 8 5 9 14 12 13 10 
2 1 3 6 
12 7 11 4 5 14 13 1 3 2 
5 4 7 9 
6 14 13 8 7 12 11 15 5 
10 5 14 3 4 13 15 9 2 
4 10 2 6 5 3 13 15 
13 5 4 8 11 14 12 6 7 
13 10 7 2 5 6 1 
11 5 9 1 12 4 6 7 3 
14 1 12 2 3 8 4 
13 3 14 12 15 2 8 6 5 
1 6 3 2 10 5 15 
7 2 15 9 1 3 14 12 8 4 
8 4 11 10 2 13 15 5 9 
13 5 4 8 2 15 
13 3 4 5 10 9 
5 3 13 7 6 15 4 9 12 
11 13 1 3 15 
12 2 14 11 3 4 6 1 8 
8 12 4 10 11 2 5 15 
14 9 13 8 
7 2 3 10 14 15 
6 5 1 10 13 3 
14 6 10 12 4 
10 12 2 11 4 7 
3 12 9 15 10 13 1 4 
12 3 9 11 2 14 13 
15 11 1 9 6 3 2 14 5 12 
2 6 1 7 
15 5 7 2 12 14 
13 15 10 11 4 
4 15 9 5 13 3 6 11 8 
13 7 5 14 3 4 15 1 8 6 
15 5 6 10 3 1 11 8 7 12 
5 7 8 4 6 12 3 1 2 
12 15 1 7 14 10 3 2 5 
1 3 5 11 10 13 9 15 8 2 
1 13 11 9 
13 8 9 5 15 7 10 3 
5 4 14 15 13 1 
6 15 5 9 3 
9 1 10 14 8 2 6 13 
7 4 8 11 
9 10 15 6 5 7 8 12 13 
1 14 13 6 11 15 
2 15 6 5 8 4 1 14 7 
6 4 13 14 1 3 12 7 
6 4 3 14 2 
9 2 13 5 11 
4 2 6 3 5 11 1 9 
12 8 10 5 2 13 9 
3 15 9 1 
14 9 6 10 5 
12 1 4 6 
15 1 8 4 13 6 5 11 
14 10 4 1 2 8 11 
11 8 1 9 13 15 14 4 
4 6 15 11 9 7 8 3 14 
1 4 9 12 
8 7 1 4 15 2 14 
6 13 12 15 2 4 9 7 
8 5 1 13 6 14 12 15 4 2 
5 6 1 7 9 4 13 15 3 
4 15 10 13 14 6 2 5 
3 10 5 8 13 4 9 11 7 14 
13 9 8 12 
8 10 1 11 4 
5 10 13 9 
6 15 3 7 9 
4 5 15 13 7 8 
15 8 6 4 2 12 14 11 7 5 
9 8 5 13 6 4 1 11 3 
1 7 2 8 12 5 
5 10 3 8 4 
5 4 12 1 
14 7 4 10 
9 12 7 1 10 13 
10 5 11 15 9 14 
3 6 9 2 12 15 1 
12 15 6 13 7 
4 1 6 13 
2 9 4 6 1 7 8 14 
4 14 15 6 1 12 
3 6 10 13 15 8 
5 7 9 6 14 3 4 10 15 2 
12 2 8 3 13 
10 15 2 1 11 13 6 4 8 12 
7 1 14 11 9 2 
8 5 14 7 4 6 1 
7 13 6 11 2 9 15 10 
9 14 6 8 4 13 10 1 
4 11 1 3 13 12 8 6 7 
14 7 5 12 3 11 15 13 6 
11 2 10 5 6 
10 13 15 1 7 
7 6 15 13 2 
3 14 2 7 4 9 11 6 13 
6 14 10 5 8 1 13 
1 14 10 5 2 11 
11 7 10 6 8 14 15 1 2 
9 3 10 2 13 12 15 
8 7 14 3 
2 3 1 12 15 7 6 4 
14 11 13 4 8 2 7 3 
13 6 8 15 
6 7 4 8 11 1 
1 6 3 7 13 2 
4 13 9 3 12 8 1 7 15 5 
7 15 14 2 3 11 10 
12 9 1 3 5 2 
7 13 4 12 10 11 8 
13 8 4 5 14 15 1 
7 15 5 1 8 3 13 2 
6 13 14 5 1 
12 4 8 3 10 2 9 
7 15 12 11 14 
10 8 6 4 1 7 13 5 3 12 
4 14 1 10 7 15 
12 13 11 5 
2 15 3 7 10 
9 15 6 2 14 3 8 1 11 5 
9 1 11 4 15 12 
15 6 1 14 13 3 
14 3 8 4 10 6 7 12 
12 2 1 8 6 9 4 
4 15 14 11 6 10 13 5 8 3 
9 11 14 1 7 12 3 13 8 10 
11 8 4 15 7 
8 15 13 6 2 14 3 11 5 9 
11 12 10 13 1 3 15 
15 3 14 5 1 13 11 
13 9 5 6 8 7 11 10 1 4 
6 2 10 13 11 15 9 5 8 
10 5 7 14 
10 2 11 3 5 4 6 9 7 
7 8 9 3 
5 10 12 7 11 9 2 6 14 13 
8 9 10 1 4 
8 14 13 7 1 4 2 15 10 
5 13 11 7 9 12 2 4 3 14 
15 11 4 13 7 10 3 
5 13 11 4 
6 13 4 10 14 11 9 2 3 
4 15 12 8 2 5 3 
3 7 4 2 14 6 5 8 15 1 
12 14 10 8 13 
8 4 10 15 1 12 14 9 3 
9 4 1 13 15 11 5 7 14 3 
9 1 12 15 7 
4 2 15 7 8 6 9 1 
1 8 14 7 11 3 15 13 12 5 
1 5 8 3 14 
1 11 7 3 
15 5 3 10 13 6 
15 14 2 4 
11 8 14 7 4 6 12 
10 11 14 2 15 13 1 
8 9 7 5 12 4 6 15 14 
1 4 7 6 13 5 11 8 
13 15 10 2 6 14 
9 6 5 11 3 13 1 15 
6 8 2 14 10 7 1 
1 9 15 5 10 8 7 6 4 
2 11 15 6 13 10 3 5 8 
4 7 3 5 12 9 
8 5 3 9 6 
12 2 9 11 13 10 
12 5 13 8 9 7 2 14 10 15 
10 14 13 12 9 8 2 4 5 
1 4 7 3 10 6 
7 2 13 15 11 1 9 14 10 12 
1 3 14 11 12 13 
4 14 13 12 6 3 
12 3 1 4 11 2 8 9 14 
8 4 9 14 7 5 1 11 6 
15 6 4 10 12 8 
8 3 1 11 5 12 15 
6 7 10 12 8 1 13 14 
11 1 15 13 
14 12 7 15 4 9 3 5 1 8 
3 15 12 5 
10 5 12 2 4 13 
9 15 2 8 3 13 14 
14 13 6 7 12 
15 3 13 14 5 7 
9 14 10 1 2 8 7 3 13 
5 10 15 14 3 
2 6 10 9 4 3 12 14 
3 1 5 13 
9 12 5 13 2 
3 8 11 1 14 12 2 4 5 10 
1 13 9 12 10 11 5 15 14 
14 10 3 6 11 12 1 7 
2 15 14 6 1 3 13 
2 4 6 7 9 3 13 10 15 
6 15 9 11 1 
11 2 5 3 6 14 13 10 
1 7 2 14 4 3 9 15 
4 8 14 7 
15 12 4 9 10 5 8 3 13 7 
5 13 8 1 2 3 7 6 12 4 
13 10 8 7 2 11 
15 14 13 6 
2 13 1 10 8 3 7 
3 9 8 7 5 6 15 
9 4 3 12 14 7 15 
10 9 11 2 6 8 4 
6 7 13 1 3 5 15 4 
4 10 8 5 7 14 11 1 9 6 
10 2 8 12 
13 2 5 14 1 7 4 
1 7 4 8 11 5 13 3 9 10 
14 9 3 12 6 4 
15 3 1 10 4 5 
11 13 8 7 
8 13 6 11 7 10 9 2 
11 12 1 13 2 9 
6 14 4 9 1 
9 11 14 7 6 2 
3 7 6 11 5 8 12 4 10 
3 11 10 2 13 4 9 8 
4 8 13 7 6 9 12 
7 12 8 11 6 14 15 5 2 
2 8 11 13 4 
12 1 9 3 8 
10 9 6 15 1 
6 8 4 15 1 7 3 
4 10 11 15 
7 13 15 3 1 12 5 11 2 6 
1 2 11 15 9 6 4 3 12 
12 2 5 10 11 4 6 8 15 1 
8 2 6 7 10 15 4 9 13 1 
9 7 2 14 
13 3 2 14 10 8 
13 8 6 15 
12 6 2 15 13 1 4 11 
4 7 11 6 9 10 1 
5 2 15 7 1 12 6 3 14 
15 12 6 13 3 1 14 8 10 
4 9 11 14 
8 10 2 3 13 
7 4 9 6 2 
3 9 4 10 11 
3 1 14 15 
13 3 10 12 5 1 2 6 9 15 
3 2 1 8 9 4 7 14 5 
6 2 15 9 5 10 12 3 8 1 
9 1 13 12 10 4 
5 8 10 11 
3 15 12 11 14 13 
6 4 3 8 2 14 15 1 
10 3 9 7 12 15 8 
12 1 3 8 7 5 
12 13 10 7 1 11 
14 9 11 13 1 
10 3 2 1 12 4 
6 9 8 5 1 14 3 
7 9 1 11 4 3 10 14 
12 4 3 1 7 11 8 10 2 
6 5 11 13 2 8 7 10 
14 13 11 7 3 
6 10 2 14 5 4 9 1 3 8 
14 3 1 5 12 15 
15 4 2 7 10 
8 11 13 14 
7 13 10 6 3 15 4 1 
12 4 2 6 
6 3 14 11 5 4 15 9 7 
12 9 14 11 5 4 
14 3 5 13 
5 9 15 2 14 8 13 
10 8 5 6 3 2 15 12 14 
10 7 1 2 14 12 13 9 5 4 
2 12 11 15 5 13 3 
9 11 12 6 3 2 
14 13 15 10 6 5 1 12 11 
10 1 9 13 4 
15 8 12 14 1 7 2 6 
1 7 6 9 8 4 11 15 12 
7 5 3 14 1 2 
14 15 7 6 13 12 5 
15 4 14 9 
1 9 12 3 10 4 13 11 15 8 
8 7 15 10 13 14 
13 9 10 15 
2 10 4 6 5 13 8 11 15 
3 2 6 11 5 12 
13 3 15 6 2 
10 8 14 3 11 2 6 12 
6 7 4 10 12 3 
13 11 4 7 15 12 2 
10 8 1 6 
5 8 15 6 
13 7 4 14 12 15 5 8 3 1 
7 1 6 13 15 
1 3 5 4 2 8 14 6 
15 14 1 6 12 
7 8 12 4 3 10 1 
13 2 5 10 15 
8 1 13 3 11 
2 10 13 7 8 
***P*** 
28.0 40.0 -1.0 39.0 -1.0 16.0 -1.0 18.0 38.0 -1.0 10.0 17.0 29.0 18.0 -1.0 
-1.0 11.0 38.0 49.0 -1.0 -1.0 10.0 25.0 36.0 33.0 -1.0 17.0 33.0 -1.0 25.0 
-1.0 33.0 -1.0 47.0 -1.0 33.0 33.0 -1.0 -1.0 10.0 -1.0 -1.0 -1.0 -1.0 -1.0 
-1.0 -1.0 -1.0 24.0 -1.0 -1.0 22.0 -1.0 33.0 -1.0 -1.0 -1.0 33.0 35.0 35.0 
36.0 15.0 14.0 13.0 25.0 -1.0 27.0 27.0 -1.0 24.0 33.0 11.0 -1.0 -1.0 -1.0 
-1.0 18.0 -1.0 -1.0 26.0 -1.0 10.0 -1.0 13.0 34.0 -1.0 -1.0 -1.0 -1.0 34.0 
34.0 -1.0 -1.0 29.0 -1.0 -1.0 25.0 -1.0 -1.0 -1.0 -1.0 -1.0 17.0 11.0 25.0 
-1.0 19.0 -1.0 -1.0 -1.0 40.0 37.0 -1.0 22.0 43.0 39.0 -1.0 -1.0 38.0 -1.0 
-1.0 -1.0 -1.0 -1.0 22.0 -1.0 -1.0 41.0 18.0 41.0 48.0 42.0 50.0 23.0 -1.0 
46.0 41.0 38.0 -1.0 -1.0 16.0 -1.0 -1.0 -1.0 -1.0 -1.0 -1.0 -1.0 -1.0 -1.0 
26.0 31.0 24.0 39.0 27.0 -1.0 43.0 -1.0 -1.0 -1.0 22.0 25.0 28.0 46.0 -1.0 
-1.0 -1.0 -1.0 24.0 15.0 -1.0 50.0 -1.0 11.0 -1.0 -1.0 -1.0 -1.0 -1.0 -1.0 
-1.0 -1.0 -1.0 -1.0 30.0 12.0 17.0 38.0 -1.0 -1.0 34.0 33.0 38.0 47.0 28.0 
-1.0 18.0 42.0 18.0 43.0 -1.0 -1.0 -1.0 39.0 39.0 -1.0 -1.0 13.0 10.0 36.0 
-1.0 26.0 14.0 23.0 15.0 37.0 -1.0 -1.0 -1.0 28.0 -1.0 -1.0 13.0 -1.0 22.0 
-1.0 -1.0 -1.0 42.0 50.0 37.0 43.0 14.0 -1.0 -1.0 24.0 43.0 45.0 14.0 -1.0 
28.0 45.0 -1.0 -1.0 48.0 30.0 21.0 -1.0 -1.0 17.0 -1.0 -1.0 45.0 -1.0 -1.0 
23.0 -1.0 17.0 31.0 15.0 13.0 25.0 -1.0 35.0 -1.0 48.0 42.0 -1.0 -1.0 -1.0 
19.0 27.0 34.0 47.0 -1.0 -1.0 -1.0 27.0 -1.0 -1.0 -1.0 12.0 -1.0 38.0 -1.0 
-1.0 12.0 20.0 -1.0 30.0 17.0 -1.0 10.0 -1.0 -1.0 -1.0 50.0 48.0 22.0 12.0 
17.0 18.0 14.0 -1.0 11.0 27.0 -1.0 -1.0 -1.0 49.0 -1.0 -1.0 -1.0 -1.0 27.0 
13.0 27.0 13.0 42.0 -1.0 -1.0 14.0 49.0 22.0 -1.0 -1.0 49.0 -1.0 23.0 14.0 
-1.0 37.0 -1.0 19.0 13.0 -1.0 -1.0 44.0 14.0 14.0 40.0 -1.0 33.0 -1.0 28.0 
-1.0 27.0 -1.0 43.0 18.0 -1.0 -1.0 49.0 -1.0 -1.0 -1.0 -1.0 16.0 -1.0 43.0 
-1.0 -1.0 30.0 37.0 13.0 -1.0 -1.0 -1.0 47.0 24.0 -1.0 -1.0 40.0 -1.0 -1.0 
-1.0 -1.0 11.0 26.0 45.0 25.0 23.0 -1.0 31.0 -1.0 -1.0 12.0 15.0 -1.0 47.0 
29.0 -1.0 11.0 -1.0 -1.0 -1.0 -1.0 -1.0 -1.0 -1.0 31.0 -1.0 44.0 -1.0 24.0 
40.0 35.0 17.0 49.0 -1.0 39.0 -1.0 48.0 -1.0 -1.0 27.0 11.0 -1.0 12.0 -1.0 
-1.0 25.0 -1.0 43.0 45.0 -1.0 -1.0 13.0 -1.0 35.0 37.0 42.0 -1.0 -1.0 23.0 
-1.0 -1.0 -1.0 -1.0 -1.0 -1.0 -1.0 44.0 12.0 -1.0 -1.0 -1.0 48.0 48.0 -1.0 
-1.0 40.0 38.0 -1.0 -1.0 -1.0 20.0 -1.0 -1.0 24.0 -1.0 -1.0 -1.0 50.0 30.0 
46.0 -1.0 44.0 -1.0 26.0 27.0 -1.0 -1.0 -1.0 28.0 -1.0 -1.0 48.0 -1.0 -1.0 
-1.0 -1.0 -1.0 46.0 -1.0 48.0 -1.0 -1.0 -1.0 15.0 -1.0 13.0 -1.0 23.0 -1.0 
-1.0 10.0 -1.0 12.0 -1.0 -1.0 38.0 -1.0 -1.0 14.0 20.0 33.0 -1.0 -1.0 -1.0 
36.0 -1.0 15.0 18.0 -1.0 -1.0 -1.0 -1.0 42.0 12.0 -1.0 42.0 17.0 -1.0 13.0 
-1.0 12.0 36.0 -1.0 -1.0 -1.0 -1.0 -1.0 49.0 -1.0 31.0 38.0 47.0 15.0 -1.0 
10.0 17.0 32.0 -1.0 22.0 38.0 -1.0 -1.0 37.0 -1.0 21.0 18.0 -1.0 38.0 38.0 
46.0 29.0 -1.0 -1.0 -1.0 25.0 45.0 -1.0 -1.0 -1.0 -1.0 -1.0 -1.0 -1.0 -1.0 
-1.0 27.0 -1.0 -1.0 26.0 -1.0 45.0 -1.0 -1.0 -1.0 -1.0 37.0 -1.0 12.0 33.0 
-1.0 -1.0 -1.0 11.0 -1.0 -1.0 -1.0 -1.0 -1.0 50.0 49.0 -1.0 37.0 -1.0 39.0 
-1.0 -1.0 33.0 35.0 42.0 24.0 -1.0 44.0 12.0 -1.0 21.0 -1.0 40.0 -1.0 39.0 
47.0 -1.0 11.0 35.0 42.0 16.0 14.0 14.0 -1.0 -1.0 -1.0 -1.0 47.0 13.0 12.0 
11.0 -1.0 42.0 -1.0 37.0 43.0 22.0 14.0 -1.0 23.0 39.0 10.0 -1.0 -1.0 20.0 
28.0 45.0 24.0 23.0 28.0 15.0 23.0 42.0 -1.0 -1.0 -1.0 19.0 -1.0 -1.0 -1.0 
44.0 48.0 46.0 -1.0 21.0 -1.0 13.0 -1.0 -1.0 33.0 -1.0 50.0 -1.0 34.0 45.0 
34.0 42.0 49.0 -1.0 35.0 -1.0 -1.0 40.0 27.0 38.0 17.0 -1.0 46.0 -1.0 17.0 
40.0 -1.0 -1.0 -1.0 -1.0 -1.0 -1.0 -1.0 39.0 -1.0 16.0 -1.0 39.0 -1.0 -1.0 
-1.0 -1.0 17.0 -1.0 34.0 -1.0 17.0 44.0 11.0 11.0 -1.0 -1.0 20.0 -1.0 31.0 
23.0 -1.0 -1.0 41.0 48.0 -1.0 -1.0 -1.0 -1.0 -1.0 -1.0 -1.0 29.0 33.0 15.0 
-1.0 -1.0 40.0 -1.0 50.0 23.0 -1.0 -1.0 24.0 -1.0 -1.0 -1.0 -1.0 -1.0 24.0 
20.0 24.0 -1.0 -1.0 -1.0 36.0 -1.0 47.0 25.0 27.0 -1.0 -1.0 38.0 24.0 -1.0 
-1.0 -1.0 -1.0 25.0 -1.0 -1.0 40.0 22.0 -1.0 -1.0 46.0 -1.0 -1.0 -1.0 -1.0 
-1.0 -1.0 -1.0 -1.0 21.0 32.0 30.0 27.0 18.0 39.0 -1.0 32.0 50.0 -1.0 48.0 
15.0 -1.0 -1.0 -1.0 -1.0 12.0 -1.0 -1.0 -1.0 -1.0 39.0 -1.0 23.0 22.0 38.0 
30.0 28.0 -1.0 36.0 17.0 33.0 14.0 11.0 -1.0 -1.0 -1.0 -1.0 -1.0 11.0 41.0 
34.0 -1.0 17.0 38.0 -1.0 32.0 42.0 -1.0 -1.0 -1.0 -1.0 22.0 45.0 10.0 -1.0 
-1.0 20.0 44.0 14.0 -1.0 10.0 -1.0 -1.0 -1.0 -1.0 -1.0 -1.0 -1.0 44.0 -1.0 
-1.0 11.0 -1.0 -1.0 47.0 -1.0 -1.0 -1.0 17.0 -1.0 43.0 -1.0 19.0 -1.0 -1.0 
48.0 46.0 19.0 15.0 37.0 41.0 -1.0 -1.0 35.0 -1.0 16.0 -1.0 -1.0 -1.0 -1.0 
-1.0 35.0 -1.0 -1.0 13.0 -1.0 -1.0 44.0 13.0 33.0 -1.0 11.0 33.0 -1.0 -1.0 
49.0 -1.0 46.0 -1.0 -1.0 -1.0 -1.0 -1.0 21.0 -1.0 -1.0 -1.0 -1.0 -1.0 19.0 
-1.0 -1.0 -1.0 -1.0 46.0 14.0 -1.0 -1.0 20.0 19.0 -1.0 -1.0 -1.0 36.0 -1.0 
49.0 -1.0 -1.0 43.0 -1.0 49.0 -1.0 -1.0 -1.0 -1.0 -1.0 13.0 -1.0 -1.0 -1.0 
46.0 -1.0 -1.0 26.0 10.0 18.0 -1.0 43.0 -1.0 -1.0 42.0 -1.0 16.0 -1.0 14.0 
49.0 11.0 -1.0 48.0 -1.0 -1.0 -1.0 14.0 -1.0 20.0 36.0 -1.0 -1.0 35.0 -1.0 
41.0 -1.0 -1.0 41.0 -1.0 -1.0 -1.0 23.0 40.0 -1.0 16.0 -1.0 40.0 26.0 26.0 
-1.0 -1.0 22.0 26.0 -1.0 12.0 47.0 49.0 12.0 -1.0 49.0 -1.0 -1.0 26.0 50.0 
30.0 -1.0 -1.0 47.0 -1.0 -1.0 -1.0 -1.0 21.0 -1.0 -1.0 45.0 -1.0 -1.0 -1.0 
40.0 15.0 -1.0 41.0 -1.0 -1.0 45.0 19.0 -1.0 -1.0 -1.0 -1.0 -1.0 22.0 33.0 
-1.0 48.0 -1.0 15.0 -1.0 25.0 47.0 -1.0 14.0 -1.0 -1.0 27.0 43.0 -1.0 18.0 
35.0 26.0 -1.0 44.0 38.0 47.0 -1.0 32.0 -1.0 -1.0 -1.0 11.0 26.0 31.0 21.0 
18.0 -1.0 19.0 37.0 17.0 39.0 32.0 -1.0 21.0 -1.0 -1.0 -1.0 43.0 -1.0 33.0 
-1.0 31.0 -1.0 11.0 10.0 36.0 -1.0 -1.0 -1.0 14.0 -1.0 -1.0 42.0 32.0 44.0 
-1.0 -1.0 18.0 20.0 36.0 -1.0 23.0 35.0 40.0 40.0 37.0 -1.0 40.0 30.0 -1.0 
-1.0 -1.0 -1.0 -1.0 -1.0 -1.0 -1.0 45.0 18.0 -1.0 -1.0 28.0 50.0 -1.0 -1.0 
24.0 -1.0 -1.0 48.0 -1.0 -1.0 -1.0 21.0 -1.0 43.0 27.0 -1.0 -1.0 -1.0 -1.0 
-1.0 -1.0 -1.0 -1.0 48.0 -1.0 -1.0 -1.0 50.0 16.0 -1.0 -1.0 45.0 -1.0 -1.0 
-1.0 -1.0 42.0 -1.0 -1.0 35.0 19.0 -1.0 47.0 -1.0 -1.0 -1.0 -1.0 -1.0 20.0 
-1.0 -1.0 -1.0 37.0 41.0 -1.0 36.0 48.0 -1.0 -1.0 -1.0 -1.0 21.0 -1.0 31.0 
-1.0 16.0 -1.0 48.0 37.0 39.0 41.0 40.0 -1.0 -1.0 24.0 23.0 -1.0 23.0 41.0 
44.0 -1.0 49.0 19.0 20.0 27.0 -1.0 45.0 25.0 -1.0 50.0 -1.0 31.0 -1.0 -1.0 
15.0 15.0 -1.0 -1.0 45.0 -1.0 46.0 46.0 -1.0 -1.0 -1.0 30.0 -1.0 -1.0 -1.0 
-1.0 -1.0 28.0 13.0 33.0 -1.0 -1.0 29.0 -1.0 12.0 -1.0 -1.0 -1.0 -1.0 -1.0 
21.0 -1.0 -1.0 49.0 43.0 -1.0 -1.0 -1.0 -1.0 -1.0 -1.0 33.0 -1.0 -1.0 -1.0 
-1.0 -1.0 -1.0 17.0 -1.0 -1.0 16.0 -1.0 -1.0 32.0 -1.0 -1.0 -1.0 44.0 -1.0 
40.0 -1.0 -1.0 -1.0 -1.0 -1.0 46.0 -1.0 48.0 50.0 -1.0 24.0 18.0 -1.0 -1.0 
-1.0 -1.0 -1.0 -1.0 11.0 -1.0 -1.0 -1.0 18.0 18.0 31.0 -1.0 -1.0 47.0 29.0 
23.0 10.0 22.0 -1.0 -1.0 13.0 -1.0 -1.0 14.0 -1.0 -1.0 26.0 -1.0 -1.0 35.0 
-1.0 -1.0 -1.0 -1.0 -1.0 42.0 49.0 -1.0 -1.0 -1.0 -1.0 22.0 31.0 -1.0 43.0 
20.0 -1.0 -1.0 47.0 -1.0 33.0 -1.0 -1.0 -1.0 -1.0 -1.0 -1.0 37.0 -1.0 -1.0 
34.0 45.0 -1.0 24.0 -1.0 49.0 11.0 12.0 29.0 -1.0 -1.0 -1.0 -1.0 12.0 -1.0 
10.0 -1.0 -1.0 37.0 -1.0 42.0 -1.0 -1.0 -1.0 -1.0 -1.0 35.0 -1.0 17.0 30.0 
-1.0 -1.0 10.0 -1.0 -1.0 20.0 -1.0 44.0 -1.0 39.0 -1.0 -1.0 45.0 -1.0 39.0 
-1.0 12.0 44.0 10.0 36.0 28.0 46.0 -1.0 26.0 49.0 -1.0 -1.0 -1.0 23.0 38.0 
-1.0 21.0 25.0 -1.0 -1.0 -1.0 -1.0 45.0 -1.0 -1.0 -1.0 10.0 42.0 -1.0 -1.0 
45.0 14.0 -1.0 24.0 -1.0 10.0 -1.0 10.0 -1.0 34.0 28.0 35.0 34.0 -1.0 40.0 
17.0 28.0 -1.0 -1.0 -1.0 -1.0 22.0 -1.0 13.0 -1.0 15.0 -1.0 -1.0 11.0 -1.0 
41.0 -1.0 -1.0 47.0 50.0 42.0 25.0 30.0 -1.0 -1.0 -1.0 -1.0 -1.0 14.0 -1.0 
-1.0 23.0 -1.0 -1.0 -1.0 46.0 18.0 -1.0 16.0 39.0 39.0 -1.0 48.0 -1.0 33.0 
27.0 -1.0 -1.0 13.0 -1.0 23.0 -1.0 24.0 35.0 33.0 -1.0 -1.0 17.0 19.0 -1.0 
10.0 -1.0 26.0 28.0 -1.0 14.0 27.0 12.0 -1.0 -1.0 44.0 36.0 37.0 -1.0 -1.0 
-1.0 -1.0 16.0 -1.0 45.0 27.0 37.0 -1.0 -1.0 -1.0 12.0 40.0 45.0 45.0 47.0 
-1.0 25.0 -1.0 -1.0 12.0 14.0 -1.0 -1.0 -1.0 44.0 16.0 -1.0 -1.0 -1.0 -1.0 
49.0 -1.0 -1.0 -1.0 -1.0 -1.0 19.0 -1.0 -1.0 24.0 -1.0 -1.0 18.0 -1.0 12.0 
-1.0 34.0 -1.0 -1.0 -1.0 23.0 46.0 -1.0 -1.0 -1.0 -1.0 -1.0 27.0 -1.0 25.0 
-1.0 44.0 12.0 15.0 -1.0 10.0 25.0 -1.0 19.0 -1.0 30.0 -1.0 15.0 36.0 -1.0 
17.0 -1.0 -1.0 -1.0 29.0 19.0 -1.0 29.0 -1.0 36.0 -1.0 -1.0 49.0 40.0 -1.0 
24.0 15.0 -1.0 -1.0 13.0 -1.0 -1.0 -1.0 -1.0 37.0 39.0 -1.0 -1.0 23.0 -1.0 
44.0 11.0 -1.0 -1.0 -1.0 47.0 12.0 39.0 -1.0 31.0 37.0 -1.0 -1.0 18.0 26.0 
-1.0 21.0 15.0 -1.0 -1.0 -1.0 -1.0 -1.0 41.0 13.0 -1.0 39.0 48.0 -1.0 13.0 
-1.0 -1.0 19.0 -1.0 -1.0 -1.0 48.0 47.0 -1.0 -1.0 -1.0 -1.0 -1.0 17.0 -1.0 
27.0 12.0 31.0 17.0 -1.0 31.0 13.0 -1.0 -1.0 -1.0 -1.0 35.0 -1.0 -1.0 21.0 
-1.0 38.0 18.0 13.0 -1.0 -1.0 46.0 13.0 -1.0 -1.0 27.0 -1.0 24.0 12.0 -1.0 
-1.0 -1.0 -1.0 -1.0 -1.0 17.0 -1.0 41.0 -1.0 -1.0 -1.0 -1.0 21.0 -1.0 45.0 
15.0 -1.0 -1.0 38.0 -1.0 22.0 50.0 31.0 -1.0 -1.0 39.0 -1.0 -1.0 -1.0 -1.0 
15.0 31.0 20.0 -1.0 -1.0 38.0 35.0 -1.0 -1.0 -1.0 -1.0 -1.0 10.0 -1.0 -1.0 
45.0 -1.0 36.0 13.0 28.0 -1.0 35.0 22.0 26.0 -1.0 -1.0 16.0 12.0 -1.0 32.0 
-1.0 34.0 35.0 -1.0 -1.0 -1.0 16.0 -1.0 -1.0 46.0 30.0 -1.0 -1.0 41.0 49.0 
10.0 29.0 32.0 -1.0 16.0 -1.0 -1.0 -1.0 25.0 -1.0 -1.0 34.0 -1.0 -1.0 -1.0 
-1.0 -1.0 -1.0 29.0 -1.0 -1.0 32.0 13.0 -1.0 48.0 20.0 35.0 31.0 -1.0 -1.0 
15.0 -1.0 -1.0 13.0 38.0 -1.0 -1.0 18.0 -1.0 -1.0 -1.0 -1.0 17.0 32.0 38.0 
32.0 27.0 40.0 -1.0 26.0 -1.0 10.0 20.0 -1.0 -1.0 -1.0 -1.0 27.0 -1.0 15.0 
21.0 -1.0 -1.0 -1.0 43.0 49.0 -1.0 -1.0 -1.0 -1.0 -1.0 -1.0 20.0 30.0 -1.0 
-1.0 47.0 19.0 36.0 -1.0 -1.0 -1.0 42.0 16.0 40.0 -1.0 46.0 -1.0 -1.0 -1.0 
-1.0 -1.0 -1.0 -1.0 -1.0 -1.0 21.0 -1.0 -1.0 -1.0 32.0 17.0 -1.0 33.0 16.0 
13.0 -1.0 33.0 32.0 18.0 20.0 44.0 38.0 -1.0 40.0 -1.0 41.0 11.0 -1.0 -1.0 
31.0 -1.0 -1.0 35.0 -1.0 -1.0 48.0 -1.0 -1.0 29.0 -1.0 -1.0 -1.0 20.0 30.0 
-1.0 -1.0 -1.0 -1.0 28.0 -1.0 -1.0 -1.0 -1.0 -1.0 26.0 16.0 29.0 -1.0 -1.0 
-1.0 34.0 44.0 -1.0 -1.0 -1.0 20.0 -1.0 -1.0 27.0 -1.0 -1.0 -1.0 -1.0 39.0 
32.0 40.0 35.0 -1.0 22.0 24.0 -1.0 39.0 14.0 -1.0 10.0 -1.0 -1.0 21.0 17.0 
45.0 -1.0 -1.0 40.0 -1.0 -1.0 -1.0 -1.0 45.0 -1.0 44.0 10.0 -1.0 -1.0 21.0 
29.0 -1.0 31.0 -1.0 -1.0 31.0 -1.0 -1.0 -1.0 -1.0 -1.0 -1.0 20.0 35.0 42.0 
-1.0 -1.0 22.0 13.0 -1.0 46.0 20.0 15.0 -1.0 24.0 -1.0 42.0 -1.0 16.0 -1.0 
23.0 35.0 -1.0 49.0 -1.0 33.0 -1.0 46.0 21.0 -1.0 -1.0 48.0 -1.0 -1.0 -1.0 
-1.0 -1.0 46.0 20.0 24.0 24.0 -1.0 35.0 -1.0 45.0 17.0 -1.0 18.0 45.0 33.0 
21.0 -1.0 39.0 -1.0 -1.0 -1.0 34.0 47.0 47.0 25.0 33.0 46.0 32.0 44.0 -1.0 
-1.0 -1.0 -1.0 27.0 -1.0 -1.0 44.0 50.0 -1.0 -1.0 32.0 -1.0 -1.0 -1.0 36.0 
-1.0 45.0 22.0 -1.0 39.0 32.0 -1.0 23.0 27.0 -1.0 36.0 -1.0 40.0 17.0 48.0 
12.0 -1.0 31.0 -1.0 -1.0 -1.0 -1.0 -1.0 -1.0 27.0 49.0 47.0 31.0 -1.0 45.0 
24.0 -1.0 32.0 -1.0 43.0 -1.0 -1.0 -1.0 -1.0 -1.0 16.0 -1.0 33.0 35.0 16.0 
20.0 -1.0 -1.0 49.0 34.0 42.0 13.0 12.0 27.0 44.0 24.0 -1.0 35.0 -1.0 -1.0 
-1.0 24.0 -1.0 -1.0 31.0 42.0 -1.0 27.0 46.0 40.0 24.0 -1.0 30.0 -1.0 32.0 
-1.0 -1.0 -1.0 -1.0 47.0 -1.0 35.0 -1.0 -1.0 38.0 -1.0 -1.0 -1.0 42.0 -1.0 
-1.0 35.0 22.0 40.0 40.0 32.0 13.0 -1.0 15.0 35.0 21.0 -1.0 -1.0 -1.0 -1.0 
-1.0 -1.0 15.0 -1.0 -1.0 -1.0 10.0 32.0 38.0 -1.0 -1.0 -1.0 -1.0 -1.0 -1.0 
-1.0 13.0 -1.0 -1.0 10.0 33.0 46.0 -1.0 30.0 11.0 40.0 38.0 48.0 14.0 -1.0 
30.0 -1.0 -1.0 39.0 -1.0 -1.0 -1.0 46.0 41.0 18.0 -1.0 -1.0 -1.0 -1.0 -1.0 
23.0 12.0 -1.0 44.0 -1.0 -1.0 36.0 11.0 -1.0 44.0 -1.0 -1.0 19.0 46.0 31.0 
-1.0 25.0 44.0 43.0 13.0 -1.0 15.0 -1.0 47.0 -1.0 27.0 11.0 29.0 27.0 -1.0 
-1.0 -1.0 46.0 20.0 -1.0 -1.0 17.0 -1.0 -1.0 49.0 38.0 -1.0 42.0 -1.0 45.0 
-1.0 -1.0 -1.0 42.0 22.0 -1.0 -1.0 -1.0 -1.0 -1.0 32.0 -1.0 41.0 -1.0 -1.0 
-1.0 35.0 41.0 24.0 -1.0 18.0 -1.0 -1.0 44.0 12.0 25.0 -1.0 42.0 19.0 -1.0 
-1.0 47.0 35.0 32.0 18.0 -1.0 -1.0 42.0 -1.0 -1.0 -1.0 37.0 -1.0 -1.0 44.0 
45.0 13.0 17.0 18.0 11.0 48.0 21.0 34.0 -1.0 -1.0 -1.0 -1.0 -1.0 48.0 45.0 
-1.0 -1.0 -1.0 -1.0 -1.0 -1.0 -1.0 48.0 -1.0 38.0 -1.0 26.0 49.0 46.0 -1.0 
36.0 -1.0 42.0 24.0 -1.0 -1.0 -1.0 14.0 40.0 46.0 -1.0 23.0 -1.0 26.0 23.0 
19.0 -1.0 31.0 10.0 49.0 -1.0 17.0 -1.0 31.0 -1.0 34.0 -1.0 27.0 13.0 28.0 
44.0 -1.0 -1.0 -1.0 -1.0 -1.0 50.0 -1.0 37.0 -1.0 -1.0 13.0 -1.0 -1.0 39.0 
26.0 19.0 -1.0 21.0 -1.0 44.0 19.0 14.0 19.0 -1.0 -1.0 -1.0 -1.0 -1.0 25.0 
44.0 -1.0 37.0 -1.0 40.0 -1.0 11.0 15.0 -1.0 -1.0 43.0 18.0 45.0 26.0 31.0 
15.0 -1.0 23.0 -1.0 15.0 -1.0 -1.0 10.0 -1.0 -1.0 -1.0 -1.0 -1.0 50.0 -1.0 
17.0 -1.0 14.0 -1.0 -1.0 -1.0 18.0 -1.0 -1.0 -1.0 38.0 -1.0 -1.0 -1.0 -1.0 
-1.0 -1.0 14.0 -1.0 50.0 45.0 -1.0 -1.0 -1.0 37.0 -1.0 -1.0 17.0 -1.0 35.0 
-1.0 17.0 -1.0 20.0 -1.0 -1.0 -1.0 -1.0 -1.0 -1.0 -1.0 -1.0 -1.0 49.0 13.0 
-1.0 -1.0 -1.0 27.0 -1.0 36.0 40.0 44.0 -1.0 -1.0 17.0 16.0 -1.0 32.0 -1.0 
11.0 45.0 -1.0 -1.0 -1.0 -1.0 -1.0 -1.0 -1.0 24.0 17.0 -1.0 10.0 19.0 16.0 
-1.0 -1.0 -1.0 11.0 24.0 29.0 29.0 13.0 36.0 -1.0 -1.0 20.0 -1.0 24.0 17.0 
20.0 -1.0 -1.0 37.0 40.0 48.0 46.0 22.0 -1.0 -1.0 24.0 -1.0 48.0 -1.0 -1.0 
-1.0 45.0 -1.0 -1.0 -1.0 16.0 -1.0 -1.0 -1.0 47.0 -1.0 -1.0 44.0 20.0 23.0 
16.0 -1.0 12.0 -1.0 46.0 46.0 -1.0 -1.0 23.0 -1.0 34.0 -1.0 23.0 -1.0 15.0 
10.0 35.0 -1.0 -1.0 -1.0 27.0 22.0 42.0 -1.0 33.0 -1.0 -1.0 -1.0 23.0 -1.0 
11.0 -1.0 -1.0 38.0 34.0 36.0 13.0 26.0 15.0 31.0 -1.0 -1.0 -1.0 -1.0 40.0 
-1.0 47.0 22.0 -1.0 29.0 20.0 -1.0 16.0 -1.0 46.0 46.0 -1.0 49.0 -1.0 22.0 
-1.0 -1.0 40.0 43.0 18.0 -1.0 13.0 -1.0 38.0 -1.0 -1.0 33.0 -1.0 -1.0 -1.0 
-1.0 -1.0 16.0 -1.0 49.0 32.0 -1.0 10.0 18.0 -1.0 -1.0 -1.0 -1.0 -1.0 -1.0 
-1.0 43.0 -1.0 -1.0 -1.0 -1.0 -1.0 -1.0 23.0 22.0 47.0 38.0 17.0 -1.0 -1.0 
-1.0 45.0 -1.0 -1.0 20.0 -1.0 16.0 31.0 47.0 37.0 -1.0 41.0 26.0 25.0 11.0 
-1.0 21.0 -1.0 22.0 22.0 -1.0 -1.0 43.0 15.0 35.0 -1.0 15.0 30.0 18.0 -1.0 
28.0 -1.0 38.0 40.0 -1.0 31.0 45.0 -1.0 -1.0 49.0 -1.0 -1.0 -1.0 -1.0 -1.0 
38.0 38.0 -1.0 -1.0 -1.0 -1.0 18.0 -1.0 14.0 39.0 23.0 26.0 21.0 33.0 18.0 
20.0 -1.0 41.0 -1.0 -1.0 -1.0 -1.0 -1.0 -1.0 -1.0 46.0 35.0 37.0 21.0 -1.0 
-1.0 -1.0 14.0 22.0 -1.0 36.0 -1.0 -1.0 -1.0 -1.0 -1.0 16.0 30.0 39.0 -1.0 
21.0 11.0 50.0 15.0 -1.0 -1.0 -1.0 11.0 21.0 -1.0 18.0 40.0 -1.0 14.0 -1.0 
23.0 -1.0 -1.0 26.0 11.0 33.0 10.0 32.0 13.0 -1.0 45.0 -1.0 -1.0 19.0 -1.0 
-1.0 -1.0 -1.0 28.0 -1.0 15.0 -1.0 31.0 -1.0 27.0 -1.0 40.0 -1.0 -1.0 50.0 
13.0 -1.0 26.0 -1.0 16.0 -1.0 -1.0 41.0 -1.0 -1.0 28.0 10.0 -1.0 -1.0 12.0 
34.0 -1.0 -1.0 -1.0 -1.0 43.0 40.0 43.0 -1.0 39.0 -1.0 29.0 46.0 14.0 -1.0 
28.0 -1.0 -1.0 -1.0 -1.0 -1.0 -1.0 -1.0 -1.0 -1.0 30.0 -1.0 33.0 -1.0 31.0 
30.0 -1.0 26.0 16.0 36.0 -1.0 30.0 48.0 38.0 -1.0 -1.0 14.0 -1.0 43.0 47.0 
-1.0 -1.0 12.0 -1.0 28.0 -1.0 -1.0 -1.0 -1.0 -1.0 -1.0 14.0 -1.0 -1.0 30.0 
-1.0 38.0 -1.0 11.0 45.0 -1.0 -1.0 -1.0 -1.0 41.0 -1.0 40.0 39.0 -1.0 -1.0 
-1.0 44.0 28.0 -1.0 -1.0 -1.0 -1.0 35.0 21.0 -1.0 -1.0 -1.0 18.0 25.0 32.0 
-1.0 -1.0 -1.0 -1.0 -1.0 13.0 16.0 -1.0 -1.0 -1.0 -1.0 40.0 29.0 48.0 -1.0 
-1.0 -1.0 33.0 -1.0 45.0 -1.0 37.0 -1.0 -1.0 -1.0 -1.0 -1.0 30.0 43.0 35.0 
26.0 40.0 17.0 -1.0 -1.0 -1.0 35.0 29.0 17.0 36.0 -1.0 -1.0 42.0 12.0 -1.0 
-1.0 -1.0 14.0 -1.0 21.0 -1.0 -1.0 -1.0 -1.0 45.0 -1.0 -1.0 -1.0 29.0 47.0 
-1.0 34.0 13.0 13.0 -1.0 50.0 -1.0 -1.0 13.0 44.0 -1.0 20.0 -1.0 50.0 -1.0 
44.0 -1.0 23.0 -1.0 25.0 -1.0 -1.0 -1.0 -1.0 -1.0 -1.0 -1.0 42.0 -1.0 -1.0 
-1.0 34.0 -1.0 -1.0 45.0 -1.0 -1.0 -1.0 42.0 -1.0 -1.0 45.0 23.0 -1.0 -1.0 
19.0 17.0 24.0 12.0 15.0 -1.0 -1.0 31.0 -1.0 14.0 50.0 38.0 -1.0 36.0 -1.0 
29.0 -1.0 -1.0 -1.0 13.0 -1.0 -1.0 -1.0 50.0 50.0 31.0 43.0 47.0 43.0 11.0 
48.0 -1.0 26.0 -1.0 -1.0 36.0 42.0 -1.0 -1.0 46.0 19.0 16.0 -1.0 35.0 -1.0 
43.0 32.0 44.0 -1.0 -1.0 27.0 -1.0 -1.0 -1.0 -1.0 -1.0 -1.0 42.0 25.0 10.0 
-1.0 36.0 23.0 18.0 -1.0 48.0 32.0 -1.0 35.0 46.0 -1.0 -1.0 34.0 -1.0 45.0 
20.0 -1.0 -1.0 -1.0 -1.0 22.0 -1.0 -1.0 26.0 -1.0 37.0 -1.0 -1.0 -1.0 18.0 
-1.0 22.0 19.0 -1.0 27.0 26.0 -1.0 -1.0 -1.0 23.0 27.0 -1.0 49.0 20.0 -1.0 
34.0 40.0 24.0 41.0 -1.0 -1.0 35.0 -1.0 26.0 -1.0 -1.0 -1.0 -1.0 13.0 20.0 
-1.0 -1.0 -1.0 29.0 -1.0 -1.0 18.0 41.0 -1.0 -1.0 -1.0 -1.0 -1.0 38.0 -1.0 
-1.0 -1.0 18.0 33.0 31.0 -1.0 46.0 17.0 12.0 49.0 -1.0 36.0 47.0 -1.0 27.0 
13.0 47.0 45.0 36.0 15.0 35.0 42.0 23.0 -1.0 -1.0 -1.0 39.0 16.0 -1.0 -1.0 
-1.0 42.0 -1.0 -1.0 -1.0 -1.0 30.0 39.0 -1.0 45.0 11.0 -1.0 47.0 -1.0 -1.0 
-1.0 -1.0 -1.0 -1.0 -1.0 25.0 -1.0 -1.0 -1.0 -1.0 -1.0 -1.0 12.0 12.0 22.0 
18.0 11.0 21.0 -1.0 -1.0 -1.0 37.0 31.0 -1.0 17.0 -1.0 -1.0 27.0 -1.0 -1.0 
-1.0 -1.0 41.0 -1.0 20.0 31.0 27.0 37.0 24.0 -1.0 -1.0 -1.0 -1.0 -1.0 49.0 
-1.0 -1.0 20.0 13.0 -1.0 -1.0 23.0 -1.0 28.0 -1.0 -1.0 31.0 -1.0 42.0 43.0 
-1.0 40.0 -1.0 21.0 -1.0 30.0 -1.0 25.0 28.0 12.0 14.0 -1.0 -1.0 -1.0 -1.0 
46.0 -1.0 35.0 14.0 44.0 46.0 38.0 -1.0 -1.0 -1.0 -1.0 -1.0 23.0 -1.0 17.0 
38.0 -1.0 -1.0 13.0 19.0 38.0 10.0 31.0 32.0 33.0 17.0 -1.0 -1.0 27.0 -1.0 
-1.0 33.0 -1.0 -1.0 -1.0 -1.0 -1.0 31.0 -1.0 33.0 -1.0 45.0 -1.0 -1.0 -1.0 
10.0 43.0 -1.0 20.0 12.0 -1.0 11.0 -1.0 -1.0 -1.0 -1.0 -1.0 40.0 42.0 -1.0 
10.0 -1.0 39.0 44.0 34.0 -1.0 36.0 12.0 29.0 33.0 21.0 -1.0 45.0 -1.0 -1.0 
-1.0 -1.0 24.0 40.0 -1.0 28.0 -1.0 -1.0 39.0 -1.0 -1.0 11.0 -1.0 19.0 -1.0 
26.0 -1.0 37.0 13.0 30.0 -1.0 -1.0 -1.0 -1.0 22.0 -1.0 -1.0 -1.0 -1.0 11.0 
-1.0 -1.0 -1.0 -1.0 -1.0 -1.0 20.0 16.0 -1.0 -1.0 38.0 -1.0 45.0 -1.0 -1.0 
-1.0 38.0 -1.0 -1.0 -1.0 15.0 37.0 14.0 19.0 16.0 24.0 -1.0 50.0 -1.0 -1.0 
47.0 32.0 -1.0 -1.0 -1.0 -1.0 -1.0 -1.0 30.0 -1.0 43.0 29.0 12.0 -1.0 -1.0 
16.0 -1.0 -1.0 29.0 -1.0 15.0 -1.0 -1.0 42.0 -1.0 -1.0 -1.0 -1.0 23.0 -1.0 
-1.0 19.0 -1.0 -1.0 -1.0 28.0 18.0 -1.0 37.0 -1.0 25.0 -1.0 -1.0 19.0 -1.0 
-1.0 -1.0 17.0 19.0 11.0 25.0 43.0 13.0 -1.0 17.0 49.0 36.0 -1.0 -1.0 -1.0 
-1.0 41.0 43.0 28.0 -1.0 -1.0 -1.0 36.0 30.0 36.0 41.0 -1.0 42.0 -1.0 -1.0 
-1.0 -1.0 -1.0 38.0 -1.0 43.0 42.0 19.0 32.0 -1.0 -1.0 23.0 50.0 -1.0 -1.0 
-1.0 31.0 -1.0 -1.0 29.0 22.0 10.0 45.0 -1.0 -1.0 14.0 31.0 -1.0 45.0 10.0 
-1.0 17.0 -1.0 40.0 -1.0 -1.0 -1.0 30.0 -1.0 -1.0 12.0 -1.0 18.0 -1.0 -1.0 
20.0 -1.0 37.0 -1.0 -1.0 -1.0 -1.0 39.0 33.0 -1.0 -1.0 31.0 -1.0 -1.0 -1.0 
35.0 -1.0 -1.0 -1.0 -1.0 14.0 -1.0 -1.0 39.0 29.0 -1.0 -1.0 -1.0 -1.0 37.0 
20.0 -1.0 41.0 42.0 -1.0 39.0 47.0 26.0 -1.0 -1.0 -1.0 -1.0 -1.0 -1.0 47.0 
-1.0 -1.0 -1.0 24.0 -1.0 -1.0 -1.0 -1.0 -1.0 29.0 42.0 -1.0 -1.0 -1.0 48.0 
28.0 25.0 46.0 -1.0 28.0 30.0 24.0 -1.0 -1.0 -1.0 10.0 32.0 50.0 -1.0 49.0 
13.0 26.0 14.0 18.0 -1.0 21.0 -1.0 -1.0 22.0 -1.0 21.0 50.0 -1.0 -1.0 20.0 
45.0 16.0 -1.0 34.0 10.0 36.0 -1.0 21.0 -1.0 45.0 37.0 43.0 -1.0 -1.0 41.0 
31.0 48.0 -1.0 12.0 -1.0 42.0 44.0 41.0 47.0 14.0 -1.0 -1.0 34.0 -1.0 34.0 
-1.0 46.0 -1.0 -1.0 -1.0 -1.0 17.0 -1.0 20.0 -1.0 -1.0 -1.0 -1.0 40.0 -1.0 
-1.0 38.0 16.0 -1.0 -1.0 -1.0 -1.0 47.0 -1.0 40.0 -1.0 -1.0 32.0 40.0 -1.0 
-1.0 -1.0 -1.0 -1.0 -1.0 33.0 -1.0 15.0 -1.0 -1.0 -1.0 -1.0 37.0 -1.0 12.0 
29.0 22.0 -1.0 17.0 -1.0 28.0 -1.0 -1.0 -1.0 -1.0 36.0 26.0 18.0 -1.0 20.0 
18.0 -1.0 -1.0 14.0 -1.0 40.0 24.0 -1.0 22.0 41.0 15.0 -1.0 -1.0 -1.0 -1.0 
19.0 18.0 30.0 -1.0 27.0 12.0 31.0 -1.0 -1.0 -1.0 -1.0 27.0 -1.0 20.0 10.0 
48.0 -1.0 29.0 -1.0 -1.0 17.0 -1.0 17.0 -1.0 16.0 -1.0 40.0 25.0 13.0 36.0 
-1.0 -1.0 -1.0 20.0 -1.0 -1.0 -1.0 -1.0 19.0 -1.0 29.0 -1.0 -1.0 50.0 -1.0 
-1.0 25.0 25.0 -1.0 -1.0 -1.0 -1.0 20.0 -1.0 42.0 -1.0 -1.0 11.0 -1.0 -1.0 
-1.0 49.0 -1.0 16.0 -1.0 26.0 37.0 -1.0 17.0 -1.0 -1.0 -1.0 -1.0 -1.0 -1.0 
-1.0 -1.0 17.0 10.0 -1.0 -1.0 -1.0 -1.0 20.0 36.0 30.0 -1.0 -1.0 -1.0 -1.0 
50.0 -1.0 11.0 -1.0 -1.0 -1.0 -1.0 -1.0 -1.0 -1.0 -1.0 -1.0 -1.0 14.0 20.0 
28.0 15.0 12.0 -1.0 39.0 20.0 -1.0 -1.0 31.0 10.0 -1.0 12.0 47.0 -1.0 17.0 
24.0 48.0 47.0 22.0 48.0 -1.0 45.0 24.0 36.0 -1.0 -1.0 -1.0 -1.0 47.0 -1.0 
38.0 35.0 45.0 -1.0 27.0 37.0 -1.0 41.0 43.0 10.0 -1.0 33.0 -1.0 -1.0 46.0 
42.0 -1.0 -1.0 17.0 -1.0 -1.0 -1.0 -1.0 13.0 10.0 -1.0 27.0 49.0 -1.0 -1.0 
-1.0 -1.0 -1.0 -1.0 20.0 -1.0 -1.0 26.0 -1.0 49.0 45.0 -1.0 -1.0 -1.0 -1.0 
-1.0 -1.0 37.0 -1.0 -1.0 -1.0 -1.0 -1.0 -1.0 -1.0 42.0 25.0 15.0 50.0 24.0 
11.0 16.0 48.0 10.0 -1.0 17.0 -1.0 17.0 -1.0 -1.0 -1.0 -1.0 -1.0 35.0 38.0 
-1.0 -1.0 34.0 -1.0 -1.0 -1.0 42.0 32.0 28.0 12.0 -1.0 35.0 -1.0 -1.0 18.0 
44.0 -1.0 36.0 -1.0 39.0 -1.0 40.0 17.0 -1.0 -1.0 -1.0 20.0 -1.0 -1.0 -1.0 
17.0 -1.0 -1.0 -1.0 -1.0 -1.0 34.0 -1.0 -1.0 39.0 43.0 38.0 29.0 -1.0 -1.0 
50.0 -1.0 -1.0 -1.0 -1.0 -1.0 -1.0 -1.0 28.0 -1.0 42.0 -1.0 19.0 39.0 -1.0 
47.0 23.0 36.0 36.0 -1.0 -1.0 -1.0 -1.0 -1.0 22.0 -1.0 32.0 -1.0 -1.0 -1.0 
10.0 -1.0 49.0 -1.0 27.0 15.0 -1.0 22.0 45.0 -1.0 -1.0 -1.0 -1.0 32.0 -1.0 
29.0 -1.0 43.0 23.0 -1.0 -1.0 49.0 -1.0 10.0 40.0 16.0 -1.0 -1.0 21.0 -1.0 
37.0 19.0 35.0 21.0 -1.0 -1.0 17.0 24.0 -1.0 34.0 11.0 29.0 -1.0 -1.0 -1.0 
-1.0 29.0 -1.0 -1.0 14.0 32.0 24.0 37.0 -1.0 23.0 18.0 -1.0 42.0 -1.0 -1.0 
-1.0 -1.0 45.0 -1.0 -1.0 -1.0 30.0 -1.0 -1.0 -1.0 38.0 -1.0 22.0 24.0 -1.0 
30.0 45.0 25.0 41.0 31.0 19.0 -1.0 20.0 12.0 47.0 -1.0 -1.0 -1.0 19.0 -1.0 
11.0 -1.0 36.0 -1.0 32.0 -1.0 -1.0 -1.0 -1.0 -1.0 -1.0 42.0 -1.0 49.0 14.0 
-1.0 37.0 -1.0 38.0 -1.0 -1.0 38.0 -1.0 -1.0 41.0 -1.0 -1.0 -1.0 -1.0 46.0 
-1.0 -1.0 -1.0 -1.0 -1.0 -1.0 -1.0 45.0 -1.0 -1.0 28.0 -1.0 22.0 13.0 -1.0 
18.0 -1.0 41.0 48.0 -1.0 35.0 18.0 -1.0 -1.0 18.0 -1.0 -1.0 29.0 -1.0 43.0 
-1.0 19.0 -1.0 25.0 -1.0 20.0 -1.0 -1.0 -1.0 -1.0 -1.0 46.0 -1.0 -1.0 -1.0 
-1.0 -1.0 28.0 48.0 42.0 12.0 33.0 -1.0 24.0 -1.0 32.0 -1.0 -1.0 36.0 23.0 
-1.0 -1.0 -1.0 36.0 15.0 -1.0 -1.0 -1.0 48.0 -1.0 39.0 26.0 -1.0 42.0 -1.0 
-1.0 -1.0 41.0 -1.0 13.0 -1.0 -1.0 -1.0 -1.0 -1.0 -1.0 -1.0 26.0 32.0 -1.0 
-1.0 16.0 -1.0 -1.0 19.0 -1.0 -1.0 49.0 14.0 -1.0 -1.0 -1.0 23.0 36.0 42.0 
-1.0 34.0 24.0 -1.0 19.0 22.0 -1.0 17.0 -1.0 23.0 -1.0 41.0 -1.0 18.0 41.0 
12.0 44.0 -1.0 49.0 13.0 -1.0 45.0 -1.0 11.0 15.0 -1.0 40.0 31.0 46.0 -1.0 
-1.0 46.0 23.0 -1.0 12.0 -1.0 -1.0 -1.0 -1.0 -1.0 44.0 10.0 22.0 -1.0 18.0 
-1.0 36.0 50.0 -1.0 -1.0 20.0 -1.0 -1.0 27.0 -1.0 22.0 11.0 -1.0 -1.0 -1.0 
44.0 -1.0 -1.0 -1.0 23.0 40.0 -1.0 -1.0 -1.0 35.0 26.0 24.0 30.0 39.0 36.0 
15.0 -1.0 -1.0 34.0 -1.0 -1.0 -1.0 -1.0 43.0 42.0 -1.0 -1.0 21.0 -1.0 -1.0 
26.0 18.0 -1.0 -1.0 -1.0 50.0 46.0 34.0 -1.0 -1.0 -1.0 50.0 -1.0 22.0 25.0 
17.0 -1.0 -1.0 21.0 -1.0 19.0 23.0 23.0 14.0 -1.0 35.0 28.0 -1.0 -1.0 38.0 
26.0 13.0 32.0 -1.0 49.0 -1.0 34.0 -1.0 -1.0 -1.0 -1.0 -1.0 -1.0 13.0 -1.0 
-1.0 -1.0 -1.0 -1.0 42.0 13.0 22.0 -1.0 -1.0 -1.0 -1.0 20.0 16.0 43.0 48.0 
-1.0 -1.0 -1.0 19.0 -1.0 -1.0 -1.0 -1.0 20.0 -1.0 -1.0 -1.0 -1.0 26.0 17.0 
47.0 -1.0 35.0 14.0 -1.0 -1.0 -1.0 36.0 37.0 19.0 37.0 16.0 43.0 -1.0 47.0 
-1.0 -1.0 -1.0 -1.0 -1.0 -1.0 46.0 27.0 -1.0 36.0 -1.0 -1.0 44.0 20.0 14.0 
-1.0 -1.0 -1.0 -1.0 -1.0 -1.0 -1.0 -1.0 26.0 42.0 -1.0 -1.0 31.0 -1.0 40.0 
-1.0 17.0 -1.0 33.0 44.0 39.0 -1.0 48.0 -1.0 16.0 22.0 -1.0 49.0 -1.0 40.0 
-1.0 26.0 38.0 -1.0 11.0 19.0 -1.0 -1.0 -1.0 -1.0 10.0 48.0 -1.0 -1.0 -1.0 
-1.0 17.0 40.0 -1.0 -1.0 11.0 -1.0 -1.0 -1.0 -1.0 -1.0 -1.0 12.0 -1.0 15.0 
-1.0 11.0 46.0 -1.0 -1.0 27.0 -1.0 17.0 -1.0 28.0 33.0 14.0 -1.0 28.0 -1.0 
-1.0 -1.0 22.0 34.0 -1.0 45.0 24.0 -1.0 -1.0 18.0 -1.0 29.0 -1.0 -1.0 -1.0 
-1.0 36.0 -1.0 26.0 -1.0 -1.0 34.0 -1.0 -1.0 -1.0 23.0 44.0 22.0 -1.0 22.0 
42.0 -1.0 -1.0 -1.0 -1.0 43.0 -1.0 49.0 -1.0 24.0 -1.0 -1.0 -1.0 -1.0 -1.0 
-1.0 -1.0 -1.0 -1.0 13.0 43.0 -1.0 50.0 -1.0 -1.0 -1.0 -1.0 -1.0 -1.0 11.0 
15.0 -1.0 38.0 14.0 15.0 -1.0 34.0 42.0 -1.0 -1.0 -1.0 27.0 20.0 41.0 20.0 
40.0 -1.0 -1.0 -1.0 -1.0 42.0 38.0 -1.0 -1.0 -1.0 -1.0 -1.0 28.0 -1.0 40.0 
11.0 22.0 48.0 33.0 17.0 50.0 -1.0 39.0 -1.0 -1.0 -1.0 -1.0 -1.0 32.0 -1.0 
27.0 -1.0 -1.0 -1.0 -1.0 38.0 -1.0 -1.0 -1.0 -1.0 -1.0 49.0 -1.0 27.0 17.0 
42.0 -1.0 18.0 26.0 -1.0 -1.0 47.0 41.0 -1.0 32.0 -1.0 39.0 -1.0 -1.0 -1.0 
-1.0 44.0 -1.0 -1.0 13.0 -1.0 -1.0 -1.0 -1.0 12.0 -1.0 -1.0 16.0 -1.0 16.0 
24.0 -1.0 39.0 -1.0 -1.0 -1.0 -1.0 44.0 -1.0 -1.0 20.0 -1.0 18.0 -1.0 -1.0 
-1.0 35.0 -1.0 -1.0 -1.0 -1.0 28.0 17.0 -1.0 16.0 -1.0 -1.0 46.0 -1.0 -1.0 
