***n m*** 
15 16 
***h*** 
13 11 10 9 7 5 5 7 7 7 12 14 11 14 15 
***d*** 
472.46 558.42 459.78 520.63 494.59 398.35 589.32 494.48 74.93 673.36 320.67 79.36 79.03 490.15 83.16 
***M*** 
5 6 15 14 2 9 1 12 11 
10 7 4 12 9 5 15 2 14 
16 12 3 5 2 10 9 4 14 
4 13 11 3 1 12 9 2 5 16 
4 15 1 7 9 12 3 8 10 
8 15 6 2 5 4 3 
7 2 4 8 5 11 
4 7 9 13 15 16 12 5 
16 9 11 8 12 5 4 13 3 14 
10 2 5 11 4 9 6 8 
13 10 6 5 12 9 15 4 
10 2 1 14 13 6 
8 1 5 10 14 
7 12 1 6 
10 3 15 2 12 11 8 6 7 
6 10 12 16 13 4 
15 12 16 1 14 6 9 8 7 
2 6 7 12 15 10 4 11 13 
14 2 11 13 9 
1 7 12 3 14 4 16 8 
14 10 4 8 
1 15 12 2 8 10 6 
3 11 16 2 15 1 
8 1 11 16 
7 9 8 4 2 14 13 
10 4 14 15 6 3 16 1 9 13 
10 6 9 12 
11 13 10 1 
2 9 14 3 10 11 8 16 12 
15 13 14 10 1 5 
10 6 8 2 4 
13 15 10 11 6 9 2 8 
3 1 5 11 7 10 9 
3 16 11 1 14 15 2 12 13 
10 4 14 1 13 12 
7 5 2 1 13 9 6 8 15 12 
3 7 2 6 13 11 12 10 
9 12 14 4 3 7 2 6 13 16 
16 14 15 9 6 7 13 3 1 2 
3 5 13 2 16 10 9 8 11 
14 12 15 6 1 13 10 2 
3 12 5 2 16 6 1 14 4 
1 11 8 6 
7 11 6 8 15 10 16 2 5 9 
15 16 11 3 4 
2 9 6 11 
6 8 12 7 9 13 3 11 4 10 
8 6 3 7 1 
16 6 4 2 12 11 
10 16 11 15 7 
7 9 6 4 16 1 3 8 11 10 
15 7 14 4 12 1 
2 6 10 5 15 
13 9 14 7 12 4 3 2 11 
1 16 14 7 4 10 
12 3 16 6 
7 5 9 6 
12 6 1 10 7 
3 6 15 11 4 7 
3 9 1 10 4 11 5 8 6 
5 2 4 12 13 6 
8 11 13 3 7 5 6 1 4 
10 11 14 1 13 5 9 2 8 7 
9 7 1 6 14 16 15 
4 3 2 13 12 5 
7 6 15 10 1 9 3 13 
5 9 6 16 
3 11 16 6 10 14 2 
11 4 8 7 
2 7 10 13 3 5 
3 1 9 15 4 13 11 2 14 
3 1 2 14 
8 11 7 2 3 13 16 
11 7 8 16 2 15 5 9 1 
2 14 5 7 1 12 13 11 
7 3 1 16 12 10 9 8 5 14 
3 9 8 7 10 1 14 5 13 11 
15 12 4 2 3 14 13 
7 15 8 1 2 14 11 
15 1 4 10 8 
6 12 13 10 7 5 9 3 1 
12 10 16 14 13 5 4 7 1 
9 4 12 8 1 14 13 15 5 2 
9 1 12 11 7 2 6 5 3 15 
4 14 8 15 6 1 5 
13 2 7 9 8 4 16 12 3 
13 4 9 10 5 1 6 
1 4 15 16 8 7 2 3 9 11 
12 9 16 7 1 15 
13 3 10 2 4 15 6 
15 2 1 7 13 
9 11 13 7 14 8 16 
5 2 13 9 
7 10 16 9 4 8 2 
14 8 6 10 2 1 5 
7 12 14 4 3 6 
12 15 4 16 11 5 8 2 10 1 
8 7 14 3 1 9 
16 1 10 12 5 3 13 6 2 15 
9 12 10 16 14 13 8 1 11 15 
9 7 13 10 4 2 3 15 5 
16 11 15 9 8 
15 11 8 1 2 14 7 4 6 16 
1 14 3 16 12 9 
4 16 11 6 15 3 
3 9 15 12 10 6 13 2 16 
1 4 9 15 
13 16 11 2 9 6 12 1 5 15 
15 2 10 4 7 6 12 13 
14 4 12 3 
13 6 15 8 9 
10 13 4 16 9 12 7 14 
11 16 4 1 9 6 10 8 7 13 
7 16 1 11 6 15 
16 4 9 14 3 8 11 6 7 
7 10 1 6 16 15 12 8 13 9 
10 6 3 15 2 4 9 14 11 1 
5 10 13 11 9 
15 14 9 13 8 7 
14 8 10 12 4 6 1 2 
16 1 2 4 14 12 15 7 9 5 
9 11 5 3 
6 9 13 4 16 8 11 
5 6 2 1 12 11 4 
3 14 13 8 16 
9 1 15 12 14 6 7 10 3 
15 6 9 7 11 3 13 4 
6 2 1 7 3 8 12 14 4 
16 14 7 11 9 8 2 5 6 3 
14 15 6 13 9 11 10 3 2 16 
1 2 16 13 12 5 
7 10 13 9 4 15 11 
11 9 1 6 7 12 8 
15 8 1 3 10 
15 5 8 2 7 1 
16 14 9 11 10 
14 11 2 3 16 5 4 12 
5 6 11 1 13 
14 15 11 7 1 13 9 5 
14 2 4 11 7 5 8 16 
1 7 13 15 11 
12 10 14 8 5 3 4 9 7 6 
2 12 1 7 10 5 
9 3 1 2 
5 11 1 13 
15 8 13 12 16 10 11 14 
1 4 12 3 
***P*** 
15.0 15.0 -1.0 -1.0 34.0 49.0 -1.0 -1.0 30.0 -1.0 25.0 48.0 -1.0 10.0 39.0 -1.0 
-1.0 32.0 -1.0 20.0 35.0 -1.0 20.0 -1.0 47.0 11.0 -1.0 26.0 -1.0 44.0 17.0 -1.0 
-1.0 41.0 43.0 29.0 26.0 -1.0 -1.0 -1.0 28.0 26.0 -1.0 29.0 -1.0 13.0 -1.0 49.0 
33.0 25.0 14.0 11.0 23.0 -1.0 -1.0 -1.0 37.0 -1.0 10.0 35.0 22.0 -1.0 -1.0 29.0 
46.0 -1.0 45.0 30.0 -1.0 -1.0 35.0 28.0 47.0 25.0 -1.0 38.0 -1.0 -1.0 48.0 -1.0 
-1.0 33.0 18.0 37.0 16.0 32.0 -1.0 10.0 -1.0 -1.0 -1.0 -1.0 -1.0 -1.0 36.0 -1.0 
-1.0 27.0 -1.0 15.0 49.0 -1.0 21.0 45.0 -1.0 -1.0 41.0 -1.0 -1.0 -1.0 -1.0 -1.0 
-1.0 -1.0 -1.0 22.0 42.0 -1.0 11.0 -1.0 44.0 -1.0 -1.0 36.0 45.0 -1.0 16.0 40.0 
-1.0 -1.0 42.0 26.0 26.0 -1.0 -1.0 44.0 32.0 -1.0 49.0 47.0 48.0 31.0 -1.0 43.0 
-1.0 15.0 -1.0 24.0 44.0 29.0 -1.0 29.0 33.0 13.0 47.0 -1.0 -1.0 -1.0 -1.0 -1.0 
-1.0 -1.0 -1.0 23.0 39.0 45.0 -1.0 -1.0 46.0 10.0 -1.0 29.0 27.0 -1.0 31.0 -1.0 
48.0 45.0 -1.0 -1.0 -1.0 36.0 -1.0 -1.0 -1.0 28.0 -1.0 -1.0 13.0 11.0 -1.0 -1.0 
18.0 -1.0 -1.0 -1.0 46.0 -1.0 -1.0 49.0 -1.0 47.0 -1.0 -1.0 -1.0 44.0 -1.0 -1.0 
45.0 -1.0 -1.0 -1.0 -1.0 38.0 40.0 -1.0 -1.0 -1.0 -1.0 40.0 -1.0 -1.0 -1.0 -1.0 
-1.0 43.0 17.0 -1.0 -1.0 13.0 33.0 33.0 -1.0 38.0 11.0 18.0 -1.0 -1.0 29.0 -1.0 
-1.0 -1.0 -1.0 41.0 -1.0 15.0 -1.0 -1.0 -1.0 48.0 -1.0 33.0 15.0 -1.0 -1.0 14.0 
32.0 -1.0 -1.0 -1.0 -1.0 45.0 12.0 42.0 23.0 -1.0 -1.0 12.0 -1.0 28.0 15.0 11.0 
-1.0 47.0 -1.0 12.0 -1.0 17.0 21.0 -1.0 -1.0 27.0 33.0 43.0 37.0 -1.0 37.0 -1.0 
-1.0 21.0 -1.0 -1.0 -1.0 -1.0 -1.0 -1.0 50.0 -1.0 45.0 -1.0 28.0 47.0 -1.0 -1.0 
33.0 -1.0 35.0 38.0 -1.0 -1.0 49.0 45.0 -1.0 -1.0 -1.0 31.0 -1.0 16.0 -1.0 45.0 
-1.0 -1.0 -1.0 39.0 -1.0 -1.0 -1.0 21.0 -1.0 47.0 -1.0 -1.0 -1.0 10.0 -1.0 -1.0 
46.0 16.0 -1.0 -1.0 -1.0 42.0 -1.0 46.0 -1.0 22.0 -1.0 24.0 -1.0 -1.0 31.0 -1.0 
12.0 33.0 20.0 -1.0 -1.0 -1.0 -1.0 -1.0 -1.0 -1.0 44.0 -1.0 -1.0 -1.0 41.0 22.0 
16.0 -1.0 -1.0 -1.0 -1.0 -1.0 -1.0 31.0 -1.0 -1.0 46.0 -1.0 -1.0 -1.0 -1.0 37.0 
-1.0 42.0 -1.0 48.0 -1.0 -1.0 25.0 15.0 27.0 -1.0 -1.0 -1.0 49.0 12.0 -1.0 -1.0 
33.0 -1.0 46.0 43.0 -1.0 17.0 -1.0 -1.0 36.0 27.0 -1.0 -1.0 14.0 48.0 30.0 44.0 
-1.0 -1.0 -1.0 -1.0 -1.0 45.0 -1.0 -1.0 34.0 14.0 -1.0 13.0 -1.0 -1.0 -1.0 -1.0 
42.0 -1.0 -1.0 -1.0 -1.0 -1.0 -1.0 -1.0 -1.0 19.0 33.0 -1.0 46.0 -1.0 -1.0 -1.0 
-1.0 43.0 37.0 -1.0 -1.0 -1.0 -1.0 40.0 12.0 11.0 36.0 44.0 -1.0 23.0 -1.0 22.0 
39.0 -1.0 -1.0 -1.0 23.0 -1.0 -1.0 -1.0 -1.0 30.0 -1.0 -1.0 31.0 15.0 33.0 -1.0 
-1.0 21.0 -1.0 41.0 -1.0 48.0 -1.0 36.0 -1.0 22.0 -1.0 -1.0 -1.0 -1.0 -1.0 -1.0 
-1.0 28.0 -1.0 -1.0 -1.0 48.0 -1.0 47.0 27.0 25.0 11.0 -1.0 24.0 -1.0 41.0 -1.0 
10.0 -1.0 22.0 -1.0 10.0 -1.0 35.0 -1.0 41.0 25.0 46.0 -1.0 -1.0 -1.0 -1.0 -1.0 
29.0 37.0 18.0 -1.0 -1.0 -1.0 -1.0 -1.0 -1.0 -1.0 17.0 49.0 21.0 50.0 47.0 38.0 
10.0 -1.0 -1.0 30.0 -1.0 -1.0 -1.0 -1.0 -1.0 37.0 -1.0 43.0 24.0 33.0 -1.0 -1.0 
43.0 15.0 -1.0 -1.0 29.0 44.0 19.0 40.0 16.0 -1.0 -1.0 16.0 29.0 -1.0 23.0 -1.0 
-1.0 37.0 41.0 -1.0 -1.0 14.0 35.0 -1.0 -1.0 29.0 20.0 24.0 23.0 -1.0 -1.0 -1.0 
-1.0 11.0 36.0 23.0 -1.0 50.0 22.0 -1.0 26.0 -1.0 -1.0 46.0 50.0 13.0 -1.0 26.0 
16.0 15.0 39.0 -1.0 -1.0 20.0 30.0 -1.0 14.0 -1.0 -1.0 -1.0 31.0 39.0 13.0 28.0 
-1.0 16.0 25.0 -1.0 28.0 -1.0 -1.0 19.0 44.0 42.0 14.0 -1.0 14.0 -1.0 -1.0 31.0 
37.0 28.0 -1.0 -1.0 -1.0 22.0 -1.0 -1.0 -1.0 39.0 -1.0 17.0 13.0 39.0 18.0 -1.0 
22.0 40.0 27.0 50.0 13.0 25.0 -1.0 -1.0 -1.0 -1.0 -1.0 21.0 -1.0 13.0 -1.0 16.0 
36.0 -1.0 -1.0 -1.0 -1.0 42.0 -1.0 43.0 -1.0 -1.0 21.0 -1.0 -1.0 -1.0 -1.0 -1.0 
-1.0 14.0 -1.0 -1.0 25.0 39.0 24.0 46.0 22.0 46.0 24.0 -1.0 -1.0 -1.0 32.0 30.0 
-1.0 -1.0 49.0 31.0 -1.0 -1.0 -1.0 -1.0 -1.0 -1.0 34.0 -1.0 -1.0 -1.0 12.0 23.0 
-1.0 20.0 -1.0 -1.0 -1.0 46.0 -1.0 -1.0 16.0 -1.0 23.0 -1.0 -1.0 -1.0 -1.0 -1.0 
-1.0 -1.0 43.0 32.0 -1.0 11.0 37.0 34.0 11.0 32.0 26.0 14.0 23.0 -1.0 -1.0 -1.0 
38.0 -1.0 32.0 -1.0 -1.0 13.0 30.0 20.0 -1.0 -1.0 -1.0 -1.0 -1.0 -1.0 -1.0 -1.0 
-1.0 25.0 -1.0 39.0 -1.0 28.0 -1.0 -1.0 -1.0 -1.0 30.0 29.0 -1.0 -1.0 -1.0 44.0 
-1.0 -1.0 -1.0 -1.0 -1.0 -1.0 16.0 -1.0 -1.0 19.0 28.0 -1.0 -1.0 -1.0 30.0 44.0 
49.0 -1.0 23.0 46.0 -1.0 14.0 21.0 49.0 48.0 40.0 38.0 -1.0 -1.0 -1.0 -1.0 21.0 
12.0 -1.0 -1.0 12.0 -1.0 -1.0 16.0 -1.0 -1.0 -1.0 -1.0 32.0 -1.0 19.0 28.0 -1.0 
-1.0 16.0 -1.0 -1.0 25.0 29.0 -1.0 -1.0 -1.0 20.0 -1.0 -1.0 -1.0 -1.0 35.0 -1.0 
-1.0 19.0 35.0 45.0 -1.0 -1.0 50.0 -1.0 36.0 -1.0 29.0 26.0 34.0 29.0 -1.0 -1.0 
35.0 -1.0 -1.0 25.0 -1.0 -1.0 38.0 -1.0 -1.0 36.0 -1.0 -1.0 -1.0 46.0 -1.0 39.0 
-1.0 -1.0 21.0 -1.0 -1.0 35.0 -1.0 -1.0 -1.0 -1.0 -1.0 14.0 -1.0 -1.0 -1.0 25.0 
-1.0 -1.0 -1.0 -1.0 28.0 25.0 43.0 -1.0 34.0 -1.0 -1.0 -1.0 -1.0 -1.0 -1.0 -1.0 
26.0 -1.0 -1.0 -1.0 -1.0 13.0 20.0 -1.0 -1.0 17.0 -1.0 27.0 -1.0 -1.0 -1.0 -1.0 
-1.0 -1.0 28.0 47.0 -1.0 25.0 29.0 -1.0 -1.0 -1.0 43.0 -1.0 -1.0 -1.0 19.0 -1.0 
35.0 -1.0 18.0 21.0 14.0 31.0 -1.0 46.0 25.0 27.0 26.0 -1.0 -1.0 -1.0 -1.0 -1.0 
-1.0 35.0 -1.0 20.0 50.0 30.0 -1.0 -1.0 -1.0 -1.0 -1.0 32.0 26.0 -1.0 -1.0 -1.0 
47.0 -1.0 43.0 30.0 42.0 17.0 13.0 38.0 -1.0 -1.0 11.0 -1.0 49.0 -1.0 -1.0 -1.0 
24.0 14.0 -1.0 -1.0 35.0 -1.0 26.0 29.0 37.0 38.0 19.0 -1.0 41.0 15.0 -1.0 -1.0 
25.0 -1.0 -1.0 -1.0 -1.0 33.0 32.0 -1.0 21.0 -1.0 -1.0 -1.0 -1.0 27.0 27.0 33.0 
-1.0 10.0 22.0 13.0 29.0 -1.0 -1.0 -1.0 -1.0 -1.0 -1.0 37.0 48.0 -1.0 -1.0 -1.0 
45.0 -1.0 37.0 -1.0 -1.0 13.0 24.0 -1.0 14.0 12.0 -1.0 -1.0 20.0 -1.0 12.0 -1.0 
-1.0 -1.0 -1.0 -1.0 15.0 17.0 -1.0 -1.0 14.0 -1.0 -1.0 -1.0 -1.0 -1.0 -1.0 37.0 
-1.0 32.0 38.0 -1.0 -1.0 42.0 -1.0 -1.0 -1.0 20.0 45.0 -1.0 -1.0 33.0 -1.0 30.0 
-1.0 -1.0 -1.0 48.0 -1.0 -1.0 15.0 12.0 -1.0 -1.0 49.0 -1.0 -1.0 -1.0 -1.0 -1.0 
-1.0 50.0 40.0 -1.0 40.0 -1.0 44.0 -1.0 -1.0 21.0 -1.0 -1.0 10.0 -1.0 -1.0 -1.0 
48.0 12.0 47.0 22.0 -1.0 -1.0 -1.0 -1.0 14.0 -1.0 29.0 -1.0 36.0 30.0 37.0 -1.0 
42.0 38.0 11.0 -1.0 -1.0 -1.0 -1.0 -1.0 -1.0 -1.0 -1.0 -1.0 -1.0 35.0 -1.0 -1.0 
-1.0 25.0 38.0 -1.0 -1.0 -1.0 47.0 35.0 -1.0 -1.0 35.0 -1.0 19.0 -1.0 -1.0 17.0 
18.0 16.0 -1.0 -1.0 46.0 -1.0 45.0 19.0 34.0 -1.0 50.0 -1.0 -1.0 -1.0 39.0 44.0 
22.0 34.0 -1.0 -1.0 25.0 -1.0 45.0 -1.0 -1.0 -1.0 19.0 30.0 31.0 33.0 -1.0 -1.0 
17.0 -1.0 12.0 -1.0 42.0 -1.0 18.0 30.0 46.0 19.0 -1.0 32.0 -1.0 34.0 -1.0 50.0 
27.0 -1.0 30.0 -1.0 34.0 -1.0 44.0 26.0 31.0 33.0 43.0 -1.0 28.0 10.0 -1.0 -1.0 
-1.0 42.0 24.0 18.0 -1.0 -1.0 -1.0 -1.0 -1.0 -1.0 -1.0 26.0 27.0 44.0 31.0 -1.0 
25.0 29.0 -1.0 -1.0 -1.0 -1.0 29.0 21.0 -1.0 -1.0 49.0 -1.0 -1.0 26.0 49.0 -1.0 
36.0 -1.0 -1.0 37.0 -1.0 -1.0 -1.0 47.0 -1.0 42.0 -1.0 -1.0 -1.0 -1.0 31.0 -1.0 
39.0 -1.0 24.0 -1.0 39.0 46.0 40.0 -1.0 48.0 18.0 -1.0 43.0 29.0 -1.0 -1.0 -1.0 
22.0 -1.0 -1.0 32.0 44.0 -1.0 20.0 -1.0 -1.0 35.0 -1.0 25.0 21.0 12.0 -1.0 50.0 
41.0 20.0 -1.0 20.0 13.0 -1.0 -1.0 37.0 18.0 -1.0 -1.0 18.0 26.0 42.0 24.0 -1.0 
19.0 35.0 33.0 -1.0 35.0 24.0 43.0 -1.0 47.0 -1.0 29.0 25.0 -1.0 -1.0 37.0 -1.0 
24.0 -1.0 -1.0 10.0 14.0 17.0 -1.0 47.0 -1.0 -1.0 -1.0 -1.0 -1.0 30.0 27.0 -1.0 
-1.0 22.0 22.0 46.0 -1.0 -1.0 21.0 16.0 47.0 -1.0 -1.0 28.0 18.0 -1.0 -1.0 48.0 
45.0 -1.0 -1.0 26.0 33.0 12.0 -1.0 -1.0 16.0 39.0 -1.0 -1.0 34.0 -1.0 -1.0 -1.0 
17.0 41.0 24.0 40.0 -1.0 -1.0 24.0 16.0 12.0 -1.0 34.0 -1.0 -1.0 -1.0 35.0 47.0 
32.0 -1.0 -1.0 -1.0 -1.0 -1.0 29.0 -1.0 26.0 -1.0 -1.0 24.0 -1.0 -1.0 32.0 30.0 
-1.0 44.0 49.0 32.0 -1.0 17.0 -1.0 -1.0 -1.0 43.0 -1.0 -1.0 17.0 -1.0 20.0 -1.0 
31.0 17.0 -1.0 -1.0 -1.0 -1.0 21.0 -1.0 -1.0 -1.0 -1.0 -1.0 48.0 -1.0 34.0 -1.0 
-1.0 -1.0 -1.0 -1.0 -1.0 -1.0 44.0 44.0 19.0 -1.0 37.0 -1.0 43.0 12.0 -1.0 28.0 
-1.0 44.0 -1.0 -1.0 24.0 -1.0 -1.0 -1.0 26.0 -1.0 -1.0 -1.0 14.0 -1.0 -1.0 -1.0 
-1.0 35.0 -1.0 41.0 -1.0 -1.0 13.0 44.0 17.0 45.0 -1.0 -1.0 -1.0 -1.0 -1.0 17.0 
39.0 10.0 -1.0 -1.0 34.0 10.0 -1.0 29.0 -1.0 31.0 -1.0 -1.0 -1.0 15.0 -1.0 -1.0 
-1.0 -1.0 16.0 20.0 -1.0 44.0 44.0 -1.0 -1.0 -1.0 -1.0 26.0 -1.0 41.0 -1.0 -1.0 
44.0 31.0 -1.0 43.0 30.0 -1.0 -1.0 29.0 -1.0 15.0 39.0 13.0 -1.0 -1.0 13.0 11.0 
20.0 -1.0 26.0 -1.0 -1.0 -1.0 10.0 50.0 31.0 -1.0 -1.0 -1.0 -1.0 39.0 -1.0 -1.0 
43.0 14.0 14.0 -1.0 40.0 16.0 -1.0 -1.0 -1.0 40.0 -1.0 27.0 31.0 -1.0 20.0 31.0 
40.0 -1.0 -1.0 -1.0 -1.0 -1.0 -1.0 17.0 33.0 16.0 34.0 33.0 21.0 32.0 24.0 14.0 
-1.0 13.0 50.0 13.0 49.0 -1.0 25.0 -1.0 25.0 44.0 -1.0 -1.0 14.0 -1.0 50.0 -1.0 
-1.0 -1.0 -1.0 -1.0 -1.0 -1.0 -1.0 44.0 22.0 -1.0 34.0 -1.0 -1.0 -1.0 41.0 20.0 
29.0 20.0 -1.0 24.0 -1.0 10.0 11.0 17.0 -1.0 -1.0 33.0 -1.0 -1.0 47.0 11.0 50.0 
11.0 -1.0 41.0 -1.0 -1.0 -1.0 -1.0 -1.0 27.0 -1.0 -1.0 50.0 -1.0 20.0 -1.0 11.0 
-1.0 -1.0 47.0 48.0 -1.0 23.0 -1.0 -1.0 -1.0 -1.0 29.0 -1.0 -1.0 -1.0 13.0 25.0 
-1.0 31.0 47.0 -1.0 -1.0 20.0 -1.0 -1.0 39.0 12.0 -1.0 22.0 38.0 -1.0 20.0 46.0 
14.0 -1.0 -1.0 39.0 -1.0 -1.0 -1.0 -1.0 20.0 -1.0 -1.0 -1.0 -1.0 -1.0 10.0 -1.0 
28.0 10.0 -1.0 -1.0 25.0 38.0 -1.0 -1.0 33.0 -1.0 11.0 39.0 17.0 -1.0 30.0 36.0 
-1.0 32.0 -1.0 37.0 -1.0 48.0 36.0 -1.0 -1.0 23.0 -1.0 27.0 15.0 -1.0 15.0 -1.0 
-1.0 -1.0 26.0 20.0 -1.0 -1.0 -1.0 -1.0 -1.0 -1.0 -1.0 24.0 -1.0 14.0 -1.0 -1.0 
-1.0 -1.0 -1.0 -1.0 -1.0 17.0 -1.0 45.0 21.0 -1.0 -1.0 -1.0 31.0 -1.0 14.0 -1.0 
-1.0 -1.0 -1.0 21.0 -1.0 -1.0 50.0 -1.0 23.0 31.0 -1.0 43.0 35.0 17.0 -1.0 39.0 
29.0 -1.0 -1.0 24.0 -1.0 34.0 11.0 16.0 31.0 10.0 27.0 -1.0 48.0 -1.0 -1.0 19.0 
50.0 -1.0 -1.0 -1.0 -1.0 46.0 10.0 -1.0 -1.0 -1.0 12.0 -1.0 -1.0 -1.0 36.0 18.0 
-1.0 -1.0 13.0 40.0 -1.0 43.0 50.0 13.0 25.0 -1.0 17.0 -1.0 -1.0 19.0 -1.0 32.0 
48.0 -1.0 -1.0 -1.0 -1.0 40.0 50.0 33.0 35.0 47.0 -1.0 45.0 34.0 -1.0 21.0 18.0 
23.0 28.0 14.0 37.0 -1.0 30.0 -1.0 -1.0 50.0 18.0 36.0 -1.0 -1.0 46.0 45.0 -1.0 
-1.0 -1.0 -1.0 -1.0 42.0 -1.0 -1.0 -1.0 11.0 43.0 32.0 -1.0 31.0 -1.0 -1.0 -1.0 
-1.0 -1.0 -1.0 -1.0 -1.0 -1.0 37.0 27.0 29.0 -1.0 -1.0 -1.0 35.0 13.0 12.0 -1.0 
40.0 11.0 -1.0 44.0 -1.0 28.0 -1.0 48.0 -1.0 45.0 -1.0 41.0 -1.0 28.0 -1.0 -1.0 
45.0 19.0 -1.0 42.0 48.0 -1.0 30.0 -1.0 39.0 -1.0 -1.0 32.0 -1.0 27.0 49.0 21.0 
-1.0 -1.0 45.0 -1.0 42.0 -1.0 -1.0 -1.0 45.0 -1.0 36.0 -1.0 -1.0 -1.0 -1.0 -1.0 
-1.0 -1.0 -1.0 12.0 -1.0 46.0 -1.0 42.0 21.0 -1.0 28.0 -1.0 20.0 -1.0 -1.0 24.0 
48.0 34.0 -1.0 30.0 41.0 29.0 -1.0 -1.0 -1.0 -1.0 37.0 26.0 -1.0 -1.0 -1.0 -1.0 
-1.0 -1.0 27.0 -1.0 -1.0 -1.0 -1.0 28.0 -1.0 -1.0 -1.0 -1.0 18.0 45.0 -1.0 49.0 
33.0 -1.0 39.0 -1.0 -1.0 29.0 42.0 -1.0 23.0 20.0 -1.0 23.0 -1.0 47.0 29.0 -1.0 
-1.0 -1.0 21.0 40.0 -1.0 28.0 37.0 -1.0 50.0 -1.0 36.0 -1.0 49.0 -1.0 44.0 -1.0 
13.0 43.0 50.0 25.0 -1.0 15.0 10.0 47.0 -1.0 -1.0 -1.0 24.0 -1.0 11.0 -1.0 -1.0 
-1.0 45.0 45.0 -1.0 50.0 48.0 22.0 42.0 43.0 -1.0 28.0 -1.0 -1.0 33.0 -1.0 34.0 
-1.0 34.0 10.0 -1.0 -1.0 25.0 -1.0 -1.0 19.0 23.0 31.0 -1.0 47.0 14.0 35.0 17.0 
37.0 48.0 -1.0 -1.0 22.0 -1.0 -1.0 -1.0 -1.0 -1.0 -1.0 14.0 36.0 -1.0 -1.0 10.0 
-1.0 -1.0 -1.0 24.0 -1.0 -1.0 43.0 -1.0 27.0 21.0 39.0 -1.0 24.0 -1.0 19.0 -1.0 
12.0 -1.0 -1.0 -1.0 -1.0 43.0 38.0 11.0 25.0 -1.0 27.0 35.0 -1.0 -1.0 -1.0 -1.0 
17.0 -1.0 50.0 -1.0 -1.0 -1.0 -1.0 49.0 -1.0 14.0 -1.0 -1.0 -1.0 -1.0 36.0 -1.0 
42.0 47.0 -1.0 -1.0 18.0 -1.0 42.0 29.0 -1.0 -1.0 -1.0 -1.0 -1.0 -1.0 45.0 -1.0 
-1.0 -1.0 -1.0 -1.0 -1.0 -1.0 -1.0 -1.0 24.0 29.0 49.0 -1.0 -1.0 21.0 -1.0 16.0 
-1.0 29.0 20.0 12.0 39.0 -1.0 -1.0 -1.0 -1.0 -1.0 12.0 20.0 -1.0 49.0 -1.0 16.0 
45.0 -1.0 -1.0 -1.0 23.0 32.0 -1.0 -1.0 -1.0 -1.0 20.0 -1.0 31.0 -1.0 -1.0 -1.0 
18.0 -1.0 -1.0 -1.0 50.0 -1.0 36.0 -1.0 22.0 -1.0 15.0 -1.0 23.0 33.0 39.0 -1.0 
-1.0 50.0 -1.0 29.0 10.0 -1.0 12.0 31.0 -1.0 -1.0 41.0 -1.0 -1.0 34.0 -1.0 49.0 
39.0 -1.0 -1.0 -1.0 -1.0 -1.0 21.0 -1.0 -1.0 -1.0 15.0 -1.0 26.0 -1.0 49.0 -1.0 
-1.0 -1.0 33.0 34.0 10.0 39.0 43.0 24.0 33.0 23.0 -1.0 34.0 -1.0 47.0 -1.0 -1.0 
18.0 35.0 -1.0 -1.0 14.0 -1.0 43.0 -1.0 -1.0 27.0 -1.0 38.0 -1.0 -1.0 -1.0 -1.0 
16.0 49.0 10.0 -1.0 -1.0 -1.0 -1.0 -1.0 37.0 -1.0 -1.0 -1.0 -1.0 -1.0 -1.0 -1.0 
26.0 -1.0 -1.0 -1.0 48.0 -1.0 -1.0 -1.0 -1.0 -1.0 10.0 -1.0 47.0 -1.0 -1.0 -1.0 
-1.0 -1.0 -1.0 -1.0 -1.0 -1.0 -1.0 23.0 -1.0 34.0 33.0 48.0 12.0 45.0 33.0 45.0 
35.0 -1.0 17.0 27.0 -1.0 -1.0 -1.0 -1.0 -1.0 -1.0 -1.0 35.0 -1.0 -1.0 -1.0 -1.0 
