***n m*** 
10 10 
***h*** 
7 5 14 13 14 5 10 6 14 13 
***d*** 
512.32 471.35 321.58 82.05 81.34 66.63 79.94 70.38 333.22 325.46 
***M*** 
1 5 8 6 3 9 2 4 
10 4 8 7 
7 3 9 4 10 1 
6 2 7 9 8 4 1 5 
9 8 3 10 2 5 4 6 
7 4 2 9 
4 1 5 9 2 3 
8 2 10 3 
6 3 10 5 2 8 
8 1 2 4 5 
7 8 4 6 2 9 1 
6 7 9 2 1 5 3 4 
9 2 8 5 1 10 4 7 
10 2 7 9 6 3 1 5 
3 8 1 9 7 10 6 
9 5 8 3 10 2 
5 2 1 3 
2 1 6 4 9 3 5 7 
4 3 10 9 7 8 
1 6 8 4 2 9 3 5 
6 5 2 3 8 7 
6 2 8 10 4 5 
4 3 5 8 
5 10 8 7 1 
8 6 9 4 5 3 
8 9 10 1 6 5 3 
7 1 5 3 2 8 
10 5 9 1 3 4 
6 2 9 3 7 4 
2 5 8 3 
1 9 10 4 8 
5 10 3 6 9 7 
5 8 3 2 9 6 
3 10 8 6 5 
4 7 3 10 9 
10 9 6 7 8 1 
4 9 7 3 1 
10 4 7 9 
6 4 2 9 10 5 1 
8 9 5 4 
4 3 7 6 
8 10 3 1 5 2 7 
6 3 7 8 1 10 
5 3 7 1 4 10 
4 3 5 8 10 7 
2 5 4 7 8 9 3 1 
3 5 10 7 2 8 
7 6 10 9 
1 3 2 7 
2 10 3 7 
4 3 7 5 6 9 8 1 
8 4 3 9 6 10 7 
1 9 10 8 3 4 
2 9 7 3 8 5 
3 8 5 4 6 1 2 9 
6 10 8 9 1 5 
2 4 3 1 10 7 9 6 
5 9 6 4 10 7 8 2 
3 2 8 7 4 
9 8 6 10 5 
9 1 6 10 
7 4 1 6 
5 1 9 10 3 8 
7 3 4 10 5 
5 10 3 9 
6 8 5 3 4 7 2 1 
10 5 4 6 3 9 
7 5 6 4 9 1 3 
5 7 6 9 8 
5 4 3 9 6 
3 10 6 8 5 4 
1 8 10 2 3 
2 10 9 6 7 
7 10 2 9 5 
5 4 2 3 
10 2 5 4 3 8 
4 8 9 5 3 7 
7 6 9 8 
5 4 6 2 8 7 
9 6 4 2 3 
7 9 1 8 
6 1 2 3 8 4 
7 10 6 8 5 3 
5 10 7 2 
7 4 5 1 6 10 
7 8 5 4 6 9 3 
9 4 6 2 3 8 7 1 
2 9 7 10 6 5 1 4 
3 10 4 7 6 
2 3 9 10 8 6 1 5 
1 6 2 3 5 
3 5 9 7 4 
4 1 2 9 3 10 8 7 
5 7 9 2 3 6 
5 7 10 6 3 
3 5 2 10 
6 5 1 3 10 8 2 
6 5 1 7 3 4 10 8 
2 6 10 1 4 5 7 9 
6 1 8 2 5 
1 8 4 6 10 3 
***P*** 
28.0 45.0 46.0 45.0 40.0 31.0 -1.0 12.0 19.0 -1.0 
-1.0 -1.0 -1.0 14.0 -1.0 -1.0 45.0 13.0 -1.0 26.0 
38.0 -1.0 49.0 14.0 -1.0 -1.0 37.0 -1.0 40.0 45.0 
49.0 19.0 -1.0 14.0 46.0 29.0 17.0 34.0 27.0 -1.0 
-1.0 39.0 29.0 18.0 32.0 50.0 -1.0 10.0 15.0 27.0 
-1.0 31.0 -1.0 47.0 -1.0 -1.0 17.0 -1.0 30.0 -1.0 
35.0 37.0 21.0 43.0 17.0 -1.0 -1.0 -1.0 39.0 -1.0 
-1.0 32.0 29.0 -1.0 -1.0 -1.0 -1.0 29.0 -1.0 44.0 
-1.0 33.0 48.0 -1.0 14.0 50.0 -1.0 27.0 -1.0 43.0 
42.0 49.0 -1.0 42.0 39.0 -1.0 -1.0 24.0 -1.0 -1.0 
29.0 18.0 -1.0 50.0 -1.0 33.0 42.0 16.0 35.0 -1.0 
29.0 32.0 29.0 26.0 15.0 26.0 39.0 -1.0 16.0 -1.0 
35.0 32.0 -1.0 18.0 34.0 -1.0 14.0 17.0 49.0 29.0 
10.0 41.0 43.0 -1.0 47.0 46.0 40.0 -1.0 19.0 42.0 
49.0 -1.0 17.0 -1.0 -1.0 21.0 17.0 11.0 15.0 19.0 
-1.0 17.0 40.0 -1.0 36.0 -1.0 -1.0 31.0 19.0 23.0 
42.0 39.0 24.0 -1.0 23.0 -1.0 -1.0 -1.0 -1.0 -1.0 
19.0 18.0 17.0 16.0 14.0 10.0 43.0 -1.0 11.0 -1.0 
-1.0 -1.0 12.0 31.0 -1.0 -1.0 47.0 24.0 37.0 22.0 
37.0 48.0 48.0 25.0 25.0 15.0 -1.0 26.0 28.0 -1.0 
-1.0 28.0 42.0 -1.0 32.0 34.0 26.0 34.0 -1.0 -1.0 
-1.0 48.0 -1.0 43.0 28.0 41.0 -1.0 35.0 -1.0 35.0 
-1.0 -1.0 14.0 50.0 22.0 -1.0 -1.0 34.0 -1.0 -1.0 
34.0 -1.0 -1.0 -1.0 10.0 -1.0 30.0 31.0 -1.0 36.0 
-1.0 -1.0 41.0 29.0 36.0 23.0 -1.0 42.0 30.0 -1.0 
16.0 -1.0 21.0 -1.0 26.0 45.0 -1.0 45.0 32.0 30.0 
17.0 33.0 31.0 -1.0 28.0 -1.0 12.0 33.0 -1.0 -1.0 
20.0 -1.0 31.0 47.0 28.0 -1.0 -1.0 -1.0 44.0 39.0 
-1.0 28.0 45.0 29.0 -1.0 41.0 21.0 -1.0 40.0 -1.0 
-1.0 30.0 48.0 -1.0 43.0 -1.0 -1.0 21.0 -1.0 -1.0 
12.0 -1.0 -1.0 40.0 -1.0 -1.0 -1.0 15.0 21.0 14.0 
-1.0 -1.0 17.0 -1.0 48.0 32.0 50.0 -1.0 33.0 16.0 
-1.0 43.0 13.0 -1.0 35.0 50.0 -1.0 12.0 11.0 -1.0 
-1.0 -1.0 39.0 -1.0 39.0 23.0 -1.0 44.0 -1.0 16.0 
-1.0 -1.0 26.0 39.0 -1.0 -1.0 11.0 -1.0 45.0 25.0 
46.0 -1.0 -1.0 -1.0 -1.0 30.0 24.0 18.0 46.0 37.0 
13.0 -1.0 16.0 15.0 -1.0 -1.0 30.0 -1.0 28.0 -1.0 
-1.0 -1.0 -1.0 49.0 -1.0 -1.0 15.0 -1.0 11.0 21.0 
48.0 31.0 -1.0 41.0 48.0 41.0 -1.0 -1.0 24.0 34.0 
-1.0 -1.0 -1.0 39.0 31.0 -1.0 -1.0 12.0 34.0 -1.0 
-1.0 -1.0 47.0 18.0 -1.0 21.0 15.0 -1.0 -1.0 -1.0 
42.0 20.0 48.0 -1.0 26.0 -1.0 35.0 10.0 -1.0 29.0 
36.0 -1.0 33.0 -1.0 -1.0 38.0 16.0 22.0 -1.0 27.0 
21.0 -1.0 43.0 38.0 12.0 -1.0 29.0 -1.0 -1.0 17.0 
-1.0 -1.0 31.0 15.0 23.0 -1.0 32.0 17.0 -1.0 30.0 
16.0 32.0 37.0 22.0 10.0 -1.0 48.0 19.0 38.0 -1.0 
-1.0 36.0 23.0 -1.0 43.0 -1.0 35.0 44.0 -1.0 30.0 
-1.0 -1.0 -1.0 -1.0 -1.0 34.0 23.0 -1.0 35.0 41.0 
48.0 21.0 28.0 -1.0 -1.0 -1.0 16.0 -1.0 -1.0 -1.0 
-1.0 14.0 18.0 -1.0 -1.0 -1.0 16.0 -1.0 -1.0 38.0 
33.0 -1.0 31.0 15.0 20.0 36.0 33.0 22.0 30.0 -1.0 
-1.0 -1.0 15.0 46.0 -1.0 11.0 24.0 42.0 50.0 24.0 
18.0 -1.0 21.0 42.0 -1.0 -1.0 -1.0 32.0 47.0 16.0 
-1.0 34.0 42.0 -1.0 18.0 -1.0 45.0 47.0 26.0 -1.0 
46.0 24.0 33.0 18.0 40.0 49.0 -1.0 40.0 46.0 -1.0 
28.0 -1.0 -1.0 -1.0 15.0 17.0 -1.0 46.0 30.0 19.0 
46.0 44.0 49.0 14.0 -1.0 31.0 37.0 -1.0 18.0 42.0 
-1.0 36.0 -1.0 22.0 17.0 28.0 26.0 15.0 19.0 33.0 
-1.0 37.0 47.0 37.0 -1.0 -1.0 24.0 27.0 -1.0 -1.0 
-1.0 -1.0 -1.0 -1.0 13.0 45.0 -1.0 35.0 35.0 34.0 
19.0 -1.0 -1.0 -1.0 -1.0 37.0 -1.0 -1.0 23.0 50.0 
38.0 -1.0 -1.0 39.0 -1.0 40.0 37.0 -1.0 -1.0 -1.0 
21.0 -1.0 12.0 -1.0 19.0 -1.0 -1.0 17.0 20.0 44.0 
-1.0 -1.0 22.0 44.0 33.0 -1.0 41.0 -1.0 -1.0 32.0 
-1.0 -1.0 19.0 -1.0 24.0 -1.0 -1.0 -1.0 16.0 13.0 
17.0 39.0 28.0 50.0 41.0 45.0 10.0 40.0 -1.0 -1.0 
-1.0 -1.0 44.0 30.0 39.0 38.0 -1.0 -1.0 29.0 26.0 
25.0 -1.0 47.0 31.0 21.0 22.0 48.0 -1.0 44.0 -1.0 
-1.0 -1.0 -1.0 -1.0 34.0 18.0 45.0 13.0 32.0 -1.0 
-1.0 -1.0 50.0 48.0 13.0 40.0 -1.0 -1.0 24.0 -1.0 
-1.0 -1.0 30.0 13.0 49.0 38.0 -1.0 24.0 -1.0 21.0 
37.0 47.0 31.0 -1.0 -1.0 -1.0 -1.0 15.0 -1.0 11.0 
-1.0 20.0 -1.0 -1.0 -1.0 33.0 13.0 -1.0 12.0 12.0 
-1.0 16.0 -1.0 -1.0 33.0 -1.0 46.0 -1.0 13.0 37.0 
-1.0 22.0 36.0 48.0 39.0 -1.0 -1.0 -1.0 -1.0 -1.0 
-1.0 25.0 26.0 12.0 17.0 -1.0 -1.0 24.0 -1.0 39.0 
-1.0 -1.0 19.0 31.0 28.0 -1.0 40.0 46.0 26.0 -1.0 
-1.0 -1.0 -1.0 -1.0 -1.0 13.0 30.0 21.0 45.0 -1.0 
-1.0 41.0 -1.0 24.0 37.0 37.0 13.0 19.0 -1.0 -1.0 
-1.0 11.0 45.0 28.0 -1.0 41.0 -1.0 -1.0 25.0 -1.0 
26.0 -1.0 -1.0 -1.0 -1.0 -1.0 12.0 30.0 12.0 -1.0 
34.0 12.0 15.0 10.0 -1.0 37.0 -1.0 25.0 -1.0 -1.0 
-1.0 -1.0 11.0 -1.0 35.0 47.0 49.0 48.0 -1.0 17.0 
-1.0 11.0 -1.0 -1.0 44.0 -1.0 39.0 -1.0 -1.0 26.0 
21.0 -1.0 -1.0 18.0 46.0 11.0 33.0 -1.0 -1.0 16.0 
-1.0 -1.0 41.0 42.0 49.0 15.0 42.0 38.0 36.0 -1.0 
23.0 16.0 48.0 26.0 -1.0 19.0 25.0 24.0 32.0 -1.0 
47.0 43.0 -1.0 11.0 38.0 38.0 50.0 -1.0 27.0 23.0 
-1.0 -1.0 22.0 34.0 -1.0 14.0 45.0 -1.0 -1.0 33.0 
27.0 11.0 18.0 -1.0 20.0 22.0 -1.0 12.0 30.0 46.0 
39.0 17.0 22.0 -1.0 38.0 27.0 -1.0 -1.0 -1.0 -1.0 
-1.0 -1.0 19.0 32.0 42.0 -1.0 40.0 -1.0 29.0 -1.0 
15.0 32.0 16.0 26.0 -1.0 -1.0 13.0 49.0 44.0 34.0 
-1.0 43.0 33.0 -1.0 39.0 41.0 48.0 -1.0 22.0 -1.0 
-1.0 -1.0 29.0 -1.0 21.0 33.0 37.0 -1.0 -1.0 38.0 
-1.0 34.0 40.0 -1.0 22.0 -1.0 -1.0 -1.0 -1.0 44.0 
37.0 21.0 21.0 -1.0 34.0 31.0 -1.0 11.0 -1.0 39.0 
22.0 -1.0 18.0 50.0 46.0 32.0 23.0 46.0 -1.0 16.0 
43.0 32.0 -1.0 11.0 48.0 14.0 44.0 -1.0 16.0 12.0 
16.0 15.0 -1.0 -1.0 24.0 42.0 -1.0 40.0 -1.0 -1.0 
38.0 -1.0 28.0 36.0 -1.0 36.0 -1.0 17.0 -1.0 38.0 
