***n m*** 
10 10 
***h*** 
14 7 8 5 14 14 9 10 11 12 
***d*** 
81.22 434.52 655.45 65.86 479.66 558.82 307.4 703.91 311.14 312.74 
***M*** 
8 7 6 4 10 
2 7 5 3 4 1 9 
6 3 1 4 8 
9 1 2 5 6 10 3 4 
4 7 1 10 5 8 2 6 
3 7 2 4 
10 6 3 4 2 7 
6 10 9 5 
2 7 4 1 9 8 5 6 
1 9 6 2 10 4 5 3 
4 1 2 6 8 3 
4 1 5 3 2 
9 3 6 1 8 
2 7 1 3 10 6 
9 7 4 2 8 
8 9 5 2 10 
1 6 3 7 8 5 2 
2 10 1 8 3 5 6 
6 10 4 8 
9 10 1 3 
1 6 5 8 3 
7 4 3 10 8 1 2 6 
5 3 4 10 
1 8 6 9 3 2 7 
6 5 3 9 10 7 1 
6 3 4 9 2 5 10 8 
4 10 9 3 6 2 
3 9 4 1 6 10 5 7 
7 8 10 1 
8 2 5 1 3 7 
7 9 1 6 
2 10 1 5 4 6 3 
4 7 10 8 1 2 6 
4 8 2 9 
8 2 1 4 5 
3 5 4 10 1 9 6 
4 6 10 5 7 8 2 
10 4 1 9 2 8 5 
2 10 3 4 
5 9 3 2 4 
4 3 2 9 8 10 6 1 
3 4 7 9 
8 6 3 10 
10 1 8 2 5 
7 2 4 6 
4 3 8 6 2 9 7 1 
8 2 6 3 1 9 4 
6 3 1 4 9 
5 1 7 10 3 2 
10 2 9 4 1 8 5 7 
7 8 10 5 9 
8 4 3 10 6 
2 3 6 9 
9 10 5 6 1 
1 2 8 7 4 6 
10 7 4 5 8 6 
8 9 3 6 1 5 
10 9 1 3 8 4 
5 1 8 2 6 10 7 3 
6 9 7 5 2 10 
4 3 2 10 
3 7 8 1 
8 6 7 9 
9 3 7 2 6 1 4 10 
8 1 6 10 
10 4 9 6 3 
4 5 8 10 9 
6 3 7 10 8 5 4 9 
1 10 3 5 6 4 2 9 
5 9 4 1 6 3 8 7 
3 4 6 10 9 8 7 
5 10 7 4 8 9 1 3 
1 9 10 7 2 3 
5 3 10 6 1 7 
5 9 6 2 3 
3 9 7 5 2 4 10 
5 8 10 9 
7 6 5 10 8 
3 2 4 7 1 5 9 
1 5 6 2 4 10 
4 7 1 8 10 9 5 
1 5 9 4 2 3 
7 3 8 4 9 5 1 10 
6 1 4 10 2 9 7 
6 7 4 2 10 8 3 
8 9 10 7 4 6 3 5 
7 5 6 1 
9 3 10 1 7 2 4 5 
5 2 4 3 
1 3 10 6 9 8 4 
7 6 10 3 5 4 1 9 
10 3 2 5 
4 7 9 8 10 5 
7 6 2 9 1 8 10 3 
8 10 5 7 1 3 9 2 
9 7 8 6 3 5 1 10 
2 10 1 8 6 4 5 3 
5 3 1 7 
1 10 5 4 2 9 7 8 
4 1 2 3 9 
9 8 2 3 
5 9 7 4 1 
3 10 6 8 4 
8 10 4 6 
***P*** 
-1.0 -1.0 -1.0 32.0 -1.0 34.0 11.0 27.0 -1.0 43.0 
23.0 30.0 10.0 10.0 23.0 -1.0 25.0 -1.0 41.0 -1.0 
31.0 -1.0 48.0 25.0 -1.0 20.0 -1.0 46.0 -1.0 -1.0 
36.0 27.0 41.0 49.0 12.0 33.0 -1.0 -1.0 31.0 50.0 
24.0 35.0 -1.0 23.0 41.0 15.0 12.0 18.0 -1.0 15.0 
-1.0 17.0 45.0 22.0 -1.0 -1.0 50.0 -1.0 -1.0 -1.0 
-1.0 32.0 10.0 23.0 -1.0 24.0 35.0 -1.0 -1.0 17.0 
-1.0 -1.0 -1.0 -1.0 17.0 41.0 -1.0 -1.0 33.0 11.0 
41.0 29.0 -1.0 41.0 30.0 35.0 33.0 17.0 31.0 -1.0 
18.0 40.0 31.0 41.0 29.0 19.0 -1.0 -1.0 22.0 23.0 
21.0 24.0 11.0 21.0 -1.0 30.0 -1.0 26.0 -1.0 -1.0 
23.0 40.0 50.0 34.0 25.0 -1.0 -1.0 -1.0 -1.0 -1.0 
13.0 -1.0 21.0 -1.0 -1.0 48.0 -1.0 16.0 27.0 -1.0 
38.0 32.0 13.0 -1.0 -1.0 16.0 40.0 -1.0 -1.0 26.0 
-1.0 17.0 -1.0 15.0 -1.0 -1.0 25.0 17.0 41.0 -1.0 
-1.0 19.0 -1.0 -1.0 22.0 -1.0 -1.0 30.0 21.0 41.0 
13.0 29.0 16.0 -1.0 32.0 30.0 27.0 27.0 -1.0 -1.0 
12.0 46.0 14.0 -1.0 20.0 35.0 -1.0 37.0 -1.0 22.0 
-1.0 -1.0 -1.0 35.0 -1.0 34.0 -1.0 21.0 -1.0 10.0 
37.0 -1.0 37.0 -1.0 -1.0 -1.0 -1.0 -1.0 42.0 43.0 
17.0 -1.0 37.0 -1.0 15.0 49.0 -1.0 15.0 -1.0 -1.0 
31.0 42.0 23.0 28.0 -1.0 22.0 37.0 49.0 -1.0 14.0 
-1.0 -1.0 49.0 12.0 29.0 -1.0 -1.0 -1.0 -1.0 26.0 
21.0 23.0 31.0 -1.0 -1.0 28.0 12.0 47.0 29.0 -1.0 
43.0 -1.0 20.0 -1.0 12.0 16.0 24.0 -1.0 33.0 33.0 
-1.0 34.0 27.0 38.0 44.0 45.0 -1.0 34.0 44.0 21.0 
-1.0 28.0 43.0 28.0 -1.0 44.0 -1.0 -1.0 22.0 26.0 
25.0 -1.0 29.0 41.0 34.0 40.0 31.0 -1.0 32.0 11.0 
44.0 -1.0 -1.0 -1.0 -1.0 -1.0 43.0 41.0 -1.0 14.0 
21.0 14.0 45.0 -1.0 20.0 -1.0 35.0 33.0 -1.0 -1.0 
17.0 -1.0 -1.0 -1.0 -1.0 37.0 23.0 -1.0 32.0 -1.0 
32.0 35.0 36.0 19.0 42.0 18.0 -1.0 -1.0 -1.0 38.0 
40.0 36.0 -1.0 19.0 -1.0 15.0 20.0 38.0 -1.0 18.0 
-1.0 29.0 -1.0 14.0 -1.0 -1.0 -1.0 13.0 19.0 -1.0 
26.0 49.0 -1.0 27.0 24.0 -1.0 -1.0 43.0 -1.0 -1.0 
32.0 -1.0 23.0 21.0 19.0 27.0 -1.0 -1.0 15.0 11.0 
-1.0 19.0 -1.0 21.0 23.0 11.0 11.0 10.0 -1.0 33.0 
17.0 11.0 -1.0 45.0 48.0 -1.0 -1.0 26.0 18.0 45.0 
-1.0 47.0 39.0 38.0 -1.0 -1.0 -1.0 -1.0 -1.0 43.0 
-1.0 48.0 49.0 27.0 38.0 -1.0 -1.0 -1.0 11.0 -1.0 
23.0 17.0 28.0 16.0 -1.0 32.0 -1.0 17.0 12.0 45.0 
-1.0 -1.0 30.0 11.0 -1.0 -1.0 11.0 -1.0 17.0 -1.0 
-1.0 -1.0 31.0 -1.0 -1.0 22.0 -1.0 28.0 -1.0 25.0 
35.0 11.0 -1.0 -1.0 29.0 -1.0 -1.0 47.0 -1.0 23.0 
-1.0 47.0 -1.0 13.0 -1.0 19.0 37.0 -1.0 -1.0 -1.0 
50.0 25.0 28.0 35.0 -1.0 47.0 43.0 43.0 22.0 -1.0 
33.0 10.0 34.0 21.0 -1.0 22.0 -1.0 11.0 11.0 -1.0 
14.0 -1.0 42.0 27.0 -1.0 13.0 -1.0 -1.0 14.0 -1.0 
43.0 38.0 45.0 -1.0 25.0 -1.0 46.0 -1.0 -1.0 14.0 
21.0 20.0 -1.0 14.0 27.0 -1.0 48.0 40.0 31.0 21.0 
-1.0 -1.0 -1.0 -1.0 28.0 -1.0 46.0 31.0 33.0 23.0 
-1.0 -1.0 12.0 16.0 -1.0 42.0 -1.0 19.0 -1.0 41.0 
-1.0 26.0 34.0 -1.0 -1.0 50.0 -1.0 -1.0 21.0 -1.0 
48.0 -1.0 -1.0 -1.0 19.0 41.0 -1.0 -1.0 21.0 48.0 
33.0 10.0 -1.0 20.0 -1.0 47.0 34.0 40.0 -1.0 -1.0 
-1.0 -1.0 -1.0 30.0 35.0 19.0 16.0 25.0 -1.0 18.0 
43.0 -1.0 50.0 -1.0 42.0 30.0 -1.0 46.0 17.0 -1.0 
18.0 -1.0 19.0 46.0 -1.0 -1.0 -1.0 38.0 28.0 46.0 
12.0 46.0 47.0 -1.0 35.0 19.0 12.0 50.0 -1.0 36.0 
-1.0 40.0 -1.0 -1.0 15.0 45.0 34.0 -1.0 33.0 50.0 
-1.0 50.0 34.0 33.0 -1.0 -1.0 -1.0 -1.0 -1.0 11.0 
28.0 -1.0 33.0 -1.0 -1.0 -1.0 16.0 22.0 -1.0 -1.0 
-1.0 -1.0 -1.0 -1.0 -1.0 31.0 21.0 47.0 33.0 -1.0 
50.0 17.0 42.0 15.0 -1.0 10.0 19.0 -1.0 32.0 39.0 
11.0 -1.0 -1.0 -1.0 -1.0 10.0 -1.0 43.0 -1.0 23.0 
-1.0 -1.0 26.0 33.0 -1.0 32.0 -1.0 -1.0 20.0 41.0 
-1.0 -1.0 -1.0 36.0 46.0 -1.0 -1.0 28.0 17.0 45.0 
-1.0 -1.0 34.0 13.0 10.0 14.0 31.0 18.0 24.0 20.0 
17.0 32.0 19.0 15.0 29.0 14.0 -1.0 -1.0 45.0 29.0 
49.0 -1.0 11.0 49.0 43.0 20.0 37.0 29.0 11.0 -1.0 
-1.0 -1.0 11.0 43.0 -1.0 15.0 10.0 29.0 12.0 24.0 
11.0 -1.0 19.0 25.0 39.0 -1.0 22.0 10.0 39.0 29.0 
36.0 43.0 37.0 -1.0 -1.0 -1.0 17.0 -1.0 26.0 15.0 
27.0 -1.0 44.0 -1.0 41.0 32.0 34.0 -1.0 -1.0 15.0 
-1.0 40.0 10.0 -1.0 47.0 17.0 -1.0 -1.0 26.0 -1.0 
-1.0 17.0 43.0 40.0 50.0 -1.0 29.0 -1.0 42.0 24.0 
-1.0 -1.0 -1.0 -1.0 22.0 -1.0 -1.0 18.0 24.0 44.0 
-1.0 -1.0 -1.0 -1.0 34.0 28.0 32.0 31.0 -1.0 28.0 
25.0 40.0 46.0 42.0 25.0 -1.0 43.0 -1.0 13.0 -1.0 
24.0 33.0 -1.0 28.0 32.0 47.0 -1.0 -1.0 -1.0 14.0 
15.0 -1.0 -1.0 21.0 26.0 -1.0 46.0 40.0 18.0 32.0 
25.0 25.0 18.0 18.0 20.0 -1.0 -1.0 -1.0 17.0 -1.0 
22.0 -1.0 34.0 16.0 13.0 -1.0 10.0 47.0 38.0 27.0 
31.0 32.0 -1.0 38.0 -1.0 41.0 14.0 -1.0 47.0 41.0 
-1.0 40.0 34.0 23.0 -1.0 31.0 18.0 22.0 -1.0 48.0 
-1.0 -1.0 32.0 37.0 40.0 42.0 26.0 50.0 24.0 41.0 
19.0 -1.0 -1.0 -1.0 44.0 29.0 14.0 -1.0 -1.0 -1.0 
36.0 17.0 26.0 44.0 37.0 -1.0 17.0 -1.0 18.0 50.0 
-1.0 36.0 41.0 26.0 41.0 -1.0 -1.0 -1.0 -1.0 -1.0 
18.0 -1.0 41.0 21.0 -1.0 13.0 -1.0 14.0 10.0 20.0 
21.0 -1.0 47.0 36.0 23.0 37.0 46.0 -1.0 20.0 33.0 
-1.0 34.0 28.0 -1.0 22.0 -1.0 -1.0 -1.0 -1.0 26.0 
-1.0 -1.0 -1.0 37.0 26.0 -1.0 27.0 49.0 47.0 46.0 
27.0 41.0 29.0 -1.0 -1.0 20.0 16.0 21.0 26.0 25.0 
38.0 41.0 39.0 -1.0 16.0 -1.0 23.0 31.0 27.0 39.0 
14.0 -1.0 50.0 -1.0 39.0 47.0 15.0 38.0 15.0 25.0 
11.0 30.0 45.0 28.0 43.0 47.0 -1.0 48.0 -1.0 45.0 
45.0 -1.0 19.0 -1.0 42.0 -1.0 14.0 -1.0 -1.0 -1.0 
16.0 35.0 -1.0 24.0 17.0 -1.0 10.0 27.0 37.0 48.0 
50.0 32.0 38.0 47.0 -1.0 -1.0 -1.0 -1.0 49.0 -1.0 
-1.0 14.0 28.0 -1.0 -1.0 -1.0 -1.0 11.0 40.0 -1.0 
21.0 -1.0 -1.0 30.0 17.0 -1.0 29.0 -1.0 32.0 -1.0 
-1.0 -1.0 23.0 33.0 -1.0 28.0 -1.0 21.0 -1.0 43.0 
-1.0 -1.0 -1.0 32.0 -1.0 27.0 -1.0 18.0 -1.0 20.0 
