***n m*** 
20 10 
***h*** 
13 14 10 6 15 9 12 8 5 14 11 9 8 10 7 15 12 7 11 8 
***d*** 
125.18 490.68 1086.37 791.1 1125.59 1036.15 119.74 816.4 425.67 1086.48 1083.15 835.46 808.23 860.89 1015.07 496.61 487.61 680.12 1103.09 993.04 
***M*** 
9 7 4 2 1 
10 2 5 7 1 4 
10 6 8 2 4 
10 5 8 2 4 9 
5 9 7 4 3 10 6 1 
8 2 3 4 5 
6 1 5 7 
1 3 6 7 4 8 5 2 
6 2 5 4 3 8 
4 5 8 6 1 3 10 7 
9 1 10 3 2 6 8 
9 8 6 5 1 2 7 4 
8 9 6 3 4 2 
5 3 8 9 7 
7 5 4 8 
1 2 8 10 4 
10 8 4 2 9 
3 6 9 7 
1 4 3 6 7 
8 1 10 7 4 
9 8 5 2 7 
8 4 1 9 7 
1 7 6 5 2 4 9 
10 1 3 5 7 2 8 
6 9 1 7 4 
9 7 2 3 5 
7 6 2 5 3 1 8 
3 6 9 5 1 2 7 4 
7 3 6 1 8 
8 1 10 6 9 2 
9 8 10 4 
3 8 10 7 1 2 9 
9 3 5 10 8 
8 3 7 9 1 6 
2 8 4 6 9 
6 4 7 3 
1 5 8 6 2 4 10 
9 7 4 1 3 10 2 8 
4 9 6 1 5 
6 7 3 2 9 4 
9 3 1 4 5 10 7 
6 5 4 10 3 9 
5 7 3 4 10 8 
4 1 5 7 6 8 9 
9 3 2 7 1 
5 2 10 3 
6 4 5 8 3 7 1 2 
7 3 10 6 4 
8 9 2 3 4 5 6 10 
2 4 8 3 
7 9 6 10 2 4 8 
6 8 10 2 7 3 
8 2 7 9 5 
5 8 6 3 10 
5 3 4 7 10 6 2 9 
10 1 3 4 6 
6 4 8 7 1 
6 3 10 4 1 
7 3 1 8 4 
9 10 6 3 
1 5 7 3 6 9 8 10 
5 10 7 6 4 3 
3 5 9 1 8 10 2 
1 10 6 5 2 
3 10 2 8 7 
7 2 8 6 5 10 
8 6 2 1 
3 1 10 2 7 5 4 
2 9 6 7 3 5 4 
7 6 8 9 10 
7 1 2 3 9 8 
8 1 5 9 
9 8 4 2 5 7 6 1 
6 1 9 2 8 4 
3 9 10 5 4 7 8 6 
6 3 4 7 10 2 1 
5 7 9 3 2 4 8 
9 2 10 1 5 4 6 8 
5 4 6 7 
2 7 9 8 4 6 5 10 
4 10 1 6 5 7 
7 9 3 4 6 8 2 
9 5 8 7 6 
4 6 1 10 9 
1 5 6 9 8 10 
2 10 8 7 
5 4 9 7 3 
2 6 4 9 
10 7 1 6 9 2 4 8 
6 4 1 5 
6 2 3 7 8 1 
9 10 8 6 5 
6 8 10 3 1 9 
2 8 7 10 1 6 5 4 
10 6 1 4 8 3 
1 3 4 9 
10 3 9 5 1 
3 2 6 1 8 9 10 5 
2 5 1 4 3 7 
8 3 1 4 9 7 2 6 
5 3 2 10 4 6 8 
5 2 9 1 6 8 
2 6 4 1 7 10 9 
3 8 7 2 
8 6 4 3 9 
2 9 1 10 
10 4 1 3 9 
4 3 7 6 
10 2 3 7 4 9 8 6 
2 4 7 5 1 6 
2 7 1 3 9 6 10 
8 10 2 5 4 3 1 9 
3 9 5 7 8 6 
7 1 6 2 
10 5 1 3 4 9 6 7 
4 10 7 9 6 2 5 1 
7 8 2 1 
5 9 3 2 
3 5 10 8 6 
6 10 4 1 
10 9 1 2 
5 10 6 1 7 8 3 4 
8 10 7 3 1 
8 6 2 10 1 7 
5 9 3 1 2 
9 10 2 3 
4 7 5 10 9 1 8 
8 3 10 7 
6 1 2 10 
7 6 5 1 
4 5 2 8 7 
6 5 8 2 9 1 10 
6 4 3 8 7 
10 7 9 2 1 4 6 3 
1 5 7 2 
1 2 8 5 9 7 10 4 
10 6 5 9 1 4 2 
1 3 2 8 9 4 7 
2 5 8 10 6 1 
7 8 4 2 6 10 
6 1 9 8 5 10 2 4 
4 10 3 7 
1 6 2 9 7 5 10 8 
2 10 3 8 1 
7 1 9 5 10 6 
8 9 2 10 6 5 3 7 
9 1 4 10 2 5 8 
1 9 10 6 5 7 
2 3 5 4 6 9 
1 8 2 7 4 10 
9 6 5 2 10 1 7 4 
3 7 2 1 5 4 10 8 
8 9 4 5 2 10 
3 9 10 5 7 4 1 2 
3 7 2 8 10 5 1 
7 6 4 10 2 8 1 
3 1 8 5 
3 6 10 1 4 8 9 2 
10 4 9 8 7 
9 5 3 2 10 
3 7 5 6 9 
8 6 5 10 9 1 
3 8 7 10 
8 1 9 4 2 6 
7 8 1 9 10 6 
1 6 3 8 9 
6 9 8 7 10 4 5 3 
7 1 2 6 
7 6 10 2 9 1 3 8 
5 7 9 2 8 
7 4 2 9 8 6 10 5 
9 3 4 2 10 
9 10 7 5 6 3 4 1 
9 4 6 7 10 5 1 
5 6 9 10 7 
7 2 6 8 4 3 10 1 
8 4 9 3 5 
7 3 9 6 4 10 5 8 
1 5 3 2 9 
3 5 9 10 2 6 1 4 
7 5 8 4 10 6 9 
10 2 4 3 9 
2 3 9 5 6 
4 9 1 7 6 2 10 3 
9 2 6 7 10 
1 8 9 3 4 5 7 
1 4 3 2 10 
4 7 1 10 2 3 8 
3 10 5 4 8 9 1 
1 2 7 4 3 9 
2 6 4 1 8 9 7 5 
8 9 6 4 7 
3 7 1 6 10 
6 8 10 9 1 5 
5 8 3 4 
10 6 2 4 9 3 
8 7 10 3 
2 3 5 9 
10 1 6 3 
2 8 6 4 1 10 3 7 
2 7 3 8 5 
10 3 7 4 6 
1 2 7 5 10 8 4 
10 2 6 3 5 8 4 
***P*** 
19.0 25.0 -1.0 15.0 -1.0 -1.0 17.0 -1.0 38.0 -1.0 
34.0 12.0 -1.0 23.0 20.0 -1.0 11.0 -1.0 -1.0 19.0 
-1.0 15.0 -1.0 23.0 -1.0 44.0 -1.0 39.0 -1.0 32.0 
-1.0 41.0 -1.0 48.0 40.0 -1.0 -1.0 24.0 45.0 40.0 
12.0 -1.0 25.0 22.0 48.0 31.0 38.0 -1.0 14.0 49.0 
-1.0 13.0 37.0 42.0 38.0 -1.0 -1.0 46.0 -1.0 -1.0 
12.0 -1.0 -1.0 -1.0 12.0 47.0 10.0 -1.0 -1.0 -1.0 
42.0 37.0 22.0 39.0 32.0 13.0 32.0 47.0 -1.0 -1.0 
-1.0 39.0 31.0 38.0 31.0 47.0 -1.0 33.0 -1.0 -1.0 
35.0 -1.0 37.0 45.0 21.0 16.0 29.0 13.0 -1.0 18.0 
16.0 45.0 31.0 -1.0 -1.0 44.0 -1.0 43.0 23.0 13.0 
42.0 31.0 -1.0 18.0 34.0 27.0 47.0 12.0 15.0 -1.0 
-1.0 34.0 33.0 44.0 -1.0 29.0 -1.0 24.0 37.0 -1.0 
-1.0 -1.0 48.0 -1.0 37.0 -1.0 11.0 14.0 26.0 -1.0 
-1.0 -1.0 -1.0 13.0 29.0 -1.0 44.0 29.0 -1.0 -1.0 
47.0 18.0 -1.0 20.0 -1.0 -1.0 -1.0 46.0 -1.0 45.0 
-1.0 39.0 -1.0 46.0 -1.0 -1.0 -1.0 10.0 19.0 31.0 
-1.0 -1.0 45.0 -1.0 -1.0 12.0 24.0 -1.0 36.0 -1.0 
44.0 -1.0 15.0 29.0 -1.0 21.0 11.0 -1.0 -1.0 -1.0 
34.0 -1.0 -1.0 17.0 -1.0 -1.0 18.0 22.0 -1.0 12.0 
-1.0 30.0 -1.0 -1.0 14.0 -1.0 16.0 25.0 17.0 -1.0 
49.0 -1.0 -1.0 30.0 -1.0 -1.0 33.0 28.0 37.0 -1.0 
19.0 40.0 -1.0 23.0 31.0 49.0 15.0 -1.0 32.0 -1.0 
24.0 18.0 20.0 -1.0 30.0 -1.0 38.0 48.0 -1.0 50.0 
33.0 -1.0 -1.0 26.0 -1.0 17.0 11.0 -1.0 39.0 -1.0 
-1.0 26.0 20.0 -1.0 45.0 -1.0 23.0 -1.0 39.0 -1.0 
28.0 37.0 15.0 -1.0 40.0 11.0 40.0 49.0 -1.0 -1.0 
23.0 39.0 16.0 13.0 31.0 38.0 29.0 -1.0 41.0 -1.0 
15.0 -1.0 26.0 -1.0 -1.0 31.0 43.0 49.0 -1.0 -1.0 
15.0 11.0 -1.0 -1.0 -1.0 46.0 -1.0 16.0 34.0 16.0 
-1.0 -1.0 -1.0 36.0 -1.0 -1.0 -1.0 11.0 18.0 14.0 
38.0 19.0 12.0 -1.0 -1.0 -1.0 21.0 36.0 39.0 50.0 
-1.0 -1.0 32.0 -1.0 38.0 -1.0 -1.0 32.0 32.0 18.0 
50.0 -1.0 35.0 -1.0 -1.0 20.0 30.0 12.0 48.0 -1.0 
-1.0 10.0 -1.0 38.0 -1.0 38.0 -1.0 15.0 19.0 -1.0 
-1.0 -1.0 43.0 34.0 -1.0 26.0 49.0 -1.0 -1.0 -1.0 
17.0 30.0 -1.0 25.0 19.0 32.0 -1.0 41.0 -1.0 26.0 
39.0 20.0 26.0 45.0 -1.0 -1.0 30.0 33.0 13.0 35.0 
44.0 -1.0 -1.0 36.0 35.0 35.0 -1.0 -1.0 17.0 -1.0 
-1.0 10.0 33.0 41.0 -1.0 18.0 34.0 -1.0 22.0 -1.0 
14.0 -1.0 42.0 22.0 34.0 -1.0 35.0 -1.0 44.0 17.0 
-1.0 -1.0 32.0 47.0 18.0 13.0 -1.0 -1.0 32.0 26.0 
-1.0 -1.0 45.0 17.0 16.0 -1.0 37.0 45.0 -1.0 23.0 
42.0 -1.0 -1.0 17.0 45.0 38.0 14.0 46.0 42.0 -1.0 
35.0 39.0 13.0 -1.0 -1.0 -1.0 23.0 -1.0 42.0 -1.0 
-1.0 46.0 40.0 -1.0 38.0 -1.0 -1.0 -1.0 -1.0 47.0 
35.0 20.0 10.0 15.0 21.0 21.0 37.0 26.0 -1.0 -1.0 
-1.0 -1.0 50.0 38.0 -1.0 27.0 19.0 -1.0 -1.0 39.0 
-1.0 16.0 35.0 42.0 27.0 12.0 -1.0 20.0 10.0 26.0 
-1.0 20.0 28.0 29.0 -1.0 -1.0 -1.0 50.0 -1.0 -1.0 
-1.0 38.0 -1.0 49.0 -1.0 48.0 50.0 30.0 40.0 42.0 
-1.0 34.0 24.0 -1.0 -1.0 27.0 34.0 44.0 -1.0 40.0 
-1.0 30.0 -1.0 -1.0 45.0 -1.0 22.0 47.0 26.0 -1.0 
-1.0 -1.0 24.0 -1.0 46.0 35.0 -1.0 25.0 -1.0 35.0 
-1.0 22.0 41.0 18.0 30.0 25.0 42.0 -1.0 26.0 49.0 
43.0 -1.0 17.0 44.0 -1.0 14.0 -1.0 -1.0 -1.0 17.0 
45.0 -1.0 -1.0 29.0 -1.0 20.0 37.0 36.0 -1.0 -1.0 
22.0 -1.0 43.0 36.0 -1.0 32.0 -1.0 -1.0 -1.0 29.0 
11.0 -1.0 43.0 43.0 -1.0 -1.0 19.0 20.0 -1.0 -1.0 
-1.0 -1.0 35.0 -1.0 -1.0 31.0 -1.0 -1.0 27.0 44.0 
23.0 -1.0 16.0 -1.0 22.0 50.0 13.0 20.0 24.0 32.0 
-1.0 -1.0 45.0 50.0 16.0 18.0 10.0 -1.0 -1.0 47.0 
31.0 49.0 35.0 -1.0 23.0 -1.0 -1.0 20.0 11.0 45.0 
30.0 48.0 -1.0 -1.0 17.0 22.0 -1.0 -1.0 -1.0 13.0 
-1.0 45.0 48.0 -1.0 -1.0 -1.0 42.0 30.0 -1.0 37.0 
-1.0 44.0 -1.0 -1.0 41.0 23.0 49.0 14.0 -1.0 14.0 
13.0 30.0 -1.0 -1.0 -1.0 16.0 -1.0 19.0 -1.0 -1.0 
46.0 24.0 49.0 50.0 13.0 -1.0 42.0 -1.0 -1.0 18.0 
-1.0 22.0 38.0 19.0 32.0 14.0 20.0 -1.0 27.0 -1.0 
-1.0 -1.0 -1.0 -1.0 -1.0 49.0 50.0 28.0 30.0 41.0 
44.0 32.0 26.0 -1.0 -1.0 -1.0 19.0 11.0 12.0 -1.0 
11.0 -1.0 -1.0 -1.0 39.0 -1.0 -1.0 45.0 40.0 -1.0 
39.0 28.0 -1.0 23.0 35.0 44.0 39.0 47.0 38.0 -1.0 
13.0 10.0 -1.0 12.0 -1.0 17.0 -1.0 32.0 35.0 -1.0 
-1.0 -1.0 27.0 18.0 24.0 41.0 18.0 47.0 47.0 49.0 
48.0 24.0 22.0 16.0 -1.0 39.0 50.0 -1.0 -1.0 26.0 
-1.0 46.0 26.0 43.0 18.0 -1.0 26.0 28.0 26.0 -1.0 
20.0 21.0 -1.0 30.0 32.0 44.0 -1.0 34.0 10.0 35.0 
-1.0 -1.0 -1.0 13.0 42.0 44.0 41.0 -1.0 -1.0 -1.0 
-1.0 38.0 -1.0 30.0 41.0 16.0 28.0 39.0 25.0 46.0 
44.0 -1.0 -1.0 11.0 26.0 37.0 12.0 -1.0 -1.0 43.0 
-1.0 50.0 14.0 26.0 -1.0 20.0 26.0 18.0 14.0 -1.0 
-1.0 -1.0 -1.0 -1.0 48.0 37.0 26.0 41.0 25.0 -1.0 
20.0 -1.0 -1.0 28.0 -1.0 31.0 -1.0 -1.0 25.0 46.0 
23.0 -1.0 -1.0 -1.0 12.0 12.0 -1.0 20.0 30.0 40.0 
-1.0 20.0 -1.0 -1.0 -1.0 -1.0 32.0 29.0 -1.0 45.0 
-1.0 -1.0 43.0 49.0 19.0 -1.0 17.0 -1.0 30.0 -1.0 
-1.0 35.0 -1.0 13.0 -1.0 28.0 -1.0 -1.0 26.0 -1.0 
22.0 25.0 -1.0 41.0 -1.0 36.0 35.0 17.0 28.0 48.0 
11.0 -1.0 -1.0 19.0 14.0 41.0 -1.0 -1.0 -1.0 -1.0 
49.0 35.0 39.0 -1.0 -1.0 37.0 32.0 18.0 -1.0 -1.0 
-1.0 -1.0 -1.0 -1.0 13.0 32.0 -1.0 16.0 45.0 30.0 
13.0 -1.0 25.0 -1.0 -1.0 28.0 -1.0 46.0 30.0 31.0 
27.0 18.0 -1.0 32.0 36.0 10.0 39.0 18.0 -1.0 39.0 
15.0 -1.0 43.0 43.0 -1.0 26.0 -1.0 48.0 -1.0 41.0 
25.0 -1.0 31.0 47.0 -1.0 -1.0 -1.0 -1.0 40.0 -1.0 
42.0 -1.0 45.0 -1.0 30.0 -1.0 -1.0 -1.0 40.0 33.0 
46.0 17.0 41.0 -1.0 22.0 19.0 -1.0 21.0 35.0 11.0 
13.0 18.0 29.0 45.0 40.0 -1.0 42.0 -1.0 -1.0 -1.0 
50.0 18.0 34.0 37.0 -1.0 22.0 20.0 27.0 48.0 -1.0 
-1.0 44.0 32.0 14.0 49.0 37.0 -1.0 17.0 -1.0 31.0 
19.0 49.0 -1.0 -1.0 43.0 27.0 -1.0 24.0 47.0 -1.0 
14.0 32.0 -1.0 35.0 -1.0 42.0 16.0 -1.0 23.0 20.0 
-1.0 42.0 27.0 -1.0 -1.0 -1.0 20.0 31.0 -1.0 -1.0 
-1.0 -1.0 38.0 15.0 -1.0 18.0 -1.0 15.0 25.0 -1.0 
22.0 36.0 -1.0 -1.0 -1.0 -1.0 -1.0 -1.0 11.0 26.0 
21.0 -1.0 20.0 17.0 -1.0 -1.0 -1.0 -1.0 50.0 48.0 
-1.0 -1.0 37.0 44.0 -1.0 38.0 12.0 -1.0 -1.0 -1.0 
-1.0 10.0 14.0 28.0 -1.0 12.0 26.0 46.0 40.0 41.0 
39.0 29.0 -1.0 44.0 48.0 10.0 37.0 -1.0 -1.0 -1.0 
41.0 15.0 44.0 -1.0 -1.0 14.0 19.0 -1.0 45.0 37.0 
39.0 41.0 11.0 12.0 16.0 -1.0 -1.0 30.0 43.0 18.0 
-1.0 -1.0 23.0 -1.0 11.0 33.0 16.0 21.0 29.0 -1.0 
13.0 29.0 -1.0 -1.0 -1.0 45.0 18.0 -1.0 -1.0 -1.0 
15.0 -1.0 42.0 28.0 26.0 36.0 29.0 -1.0 36.0 35.0 
43.0 31.0 -1.0 46.0 32.0 19.0 10.0 -1.0 17.0 24.0 
27.0 41.0 -1.0 -1.0 -1.0 -1.0 42.0 48.0 -1.0 -1.0 
-1.0 32.0 11.0 -1.0 22.0 -1.0 -1.0 -1.0 44.0 -1.0 
-1.0 -1.0 11.0 -1.0 20.0 17.0 -1.0 49.0 -1.0 31.0 
45.0 -1.0 -1.0 33.0 -1.0 36.0 -1.0 -1.0 -1.0 12.0 
43.0 25.0 -1.0 -1.0 -1.0 -1.0 -1.0 -1.0 34.0 14.0 
42.0 -1.0 18.0 33.0 38.0 10.0 10.0 16.0 -1.0 40.0 
13.0 -1.0 11.0 -1.0 -1.0 -1.0 41.0 35.0 -1.0 35.0 
44.0 33.0 -1.0 -1.0 -1.0 33.0 50.0 12.0 -1.0 46.0 
20.0 40.0 25.0 -1.0 34.0 -1.0 -1.0 -1.0 40.0 -1.0 
-1.0 32.0 26.0 -1.0 -1.0 -1.0 -1.0 -1.0 40.0 45.0 
22.0 -1.0 -1.0 34.0 48.0 -1.0 41.0 20.0 37.0 22.0 
-1.0 -1.0 12.0 -1.0 -1.0 -1.0 11.0 41.0 -1.0 21.0 
26.0 37.0 -1.0 -1.0 -1.0 32.0 -1.0 -1.0 -1.0 39.0 
50.0 -1.0 -1.0 -1.0 37.0 32.0 15.0 -1.0 -1.0 -1.0 
-1.0 22.0 -1.0 20.0 41.0 -1.0 43.0 16.0 -1.0 -1.0 
22.0 48.0 -1.0 -1.0 48.0 18.0 -1.0 43.0 49.0 42.0 
-1.0 -1.0 47.0 29.0 -1.0 47.0 22.0 40.0 -1.0 -1.0 
36.0 19.0 29.0 37.0 -1.0 19.0 36.0 -1.0 43.0 21.0 
25.0 22.0 -1.0 -1.0 15.0 -1.0 29.0 -1.0 -1.0 -1.0 
35.0 19.0 -1.0 17.0 50.0 -1.0 12.0 22.0 33.0 32.0 
28.0 32.0 -1.0 23.0 47.0 30.0 -1.0 -1.0 47.0 49.0 
41.0 22.0 31.0 34.0 -1.0 -1.0 32.0 25.0 47.0 -1.0 
46.0 21.0 -1.0 -1.0 34.0 42.0 -1.0 45.0 -1.0 18.0 
-1.0 17.0 -1.0 46.0 -1.0 41.0 45.0 49.0 -1.0 39.0 
25.0 33.0 -1.0 25.0 27.0 42.0 -1.0 33.0 19.0 10.0 
-1.0 -1.0 26.0 26.0 -1.0 -1.0 31.0 -1.0 -1.0 32.0 
24.0 44.0 -1.0 -1.0 24.0 32.0 39.0 40.0 29.0 48.0 
39.0 42.0 46.0 -1.0 -1.0 -1.0 -1.0 15.0 -1.0 33.0 
50.0 -1.0 -1.0 -1.0 44.0 19.0 18.0 -1.0 25.0 17.0 
-1.0 29.0 25.0 -1.0 21.0 40.0 37.0 26.0 43.0 19.0 
46.0 50.0 -1.0 27.0 31.0 -1.0 -1.0 14.0 21.0 31.0 
38.0 -1.0 -1.0 -1.0 32.0 41.0 48.0 -1.0 33.0 38.0 
-1.0 13.0 27.0 46.0 21.0 37.0 -1.0 -1.0 32.0 -1.0 
24.0 24.0 -1.0 25.0 -1.0 -1.0 31.0 50.0 -1.0 15.0 
21.0 40.0 -1.0 10.0 14.0 30.0 38.0 -1.0 17.0 37.0 
50.0 31.0 48.0 28.0 32.0 -1.0 33.0 46.0 -1.0 20.0 
-1.0 46.0 -1.0 30.0 32.0 -1.0 -1.0 27.0 19.0 28.0 
43.0 34.0 47.0 18.0 11.0 -1.0 45.0 -1.0 33.0 18.0 
25.0 24.0 19.0 -1.0 16.0 -1.0 13.0 25.0 -1.0 17.0 
47.0 49.0 -1.0 25.0 -1.0 46.0 12.0 32.0 -1.0 27.0 
10.0 -1.0 11.0 -1.0 27.0 -1.0 -1.0 50.0 -1.0 -1.0 
44.0 31.0 17.0 34.0 -1.0 31.0 -1.0 12.0 26.0 38.0 
-1.0 -1.0 -1.0 29.0 -1.0 -1.0 32.0 19.0 49.0 39.0 
-1.0 21.0 39.0 -1.0 20.0 -1.0 -1.0 -1.0 26.0 46.0 
-1.0 -1.0 45.0 -1.0 35.0 16.0 44.0 -1.0 33.0 -1.0 
10.0 -1.0 -1.0 -1.0 20.0 20.0 -1.0 28.0 40.0 28.0 
-1.0 -1.0 18.0 -1.0 -1.0 -1.0 34.0 10.0 -1.0 27.0 
46.0 49.0 -1.0 50.0 -1.0 27.0 -1.0 14.0 15.0 -1.0 
22.0 -1.0 -1.0 -1.0 -1.0 40.0 47.0 41.0 12.0 36.0 
24.0 -1.0 47.0 -1.0 -1.0 47.0 -1.0 11.0 10.0 -1.0 
-1.0 -1.0 38.0 21.0 30.0 22.0 43.0 37.0 36.0 46.0 
46.0 21.0 -1.0 -1.0 -1.0 13.0 47.0 -1.0 -1.0 -1.0 
33.0 13.0 31.0 -1.0 -1.0 33.0 26.0 23.0 32.0 14.0 
-1.0 44.0 -1.0 -1.0 11.0 -1.0 16.0 16.0 30.0 -1.0 
-1.0 15.0 -1.0 42.0 12.0 20.0 33.0 41.0 34.0 23.0 
-1.0 43.0 25.0 18.0 -1.0 -1.0 -1.0 -1.0 30.0 11.0 
27.0 -1.0 18.0 28.0 43.0 44.0 42.0 -1.0 32.0 38.0 
37.0 -1.0 -1.0 33.0 15.0 11.0 27.0 -1.0 18.0 26.0 
-1.0 -1.0 -1.0 -1.0 45.0 30.0 22.0 -1.0 41.0 21.0 
50.0 34.0 30.0 20.0 -1.0 23.0 15.0 41.0 -1.0 19.0 
-1.0 -1.0 30.0 14.0 45.0 -1.0 -1.0 16.0 40.0 -1.0 
-1.0 -1.0 19.0 10.0 48.0 40.0 30.0 12.0 13.0 37.0 
49.0 50.0 37.0 -1.0 27.0 -1.0 -1.0 -1.0 25.0 -1.0 
30.0 33.0 19.0 10.0 19.0 22.0 -1.0 -1.0 34.0 33.0 
-1.0 -1.0 -1.0 37.0 50.0 41.0 49.0 48.0 39.0 40.0 
-1.0 44.0 17.0 12.0 -1.0 -1.0 -1.0 -1.0 14.0 39.0 
-1.0 23.0 45.0 -1.0 18.0 34.0 -1.0 -1.0 49.0 -1.0 
12.0 31.0 43.0 35.0 -1.0 21.0 16.0 -1.0 38.0 42.0 
-1.0 28.0 -1.0 -1.0 -1.0 23.0 49.0 -1.0 34.0 40.0 
33.0 -1.0 35.0 48.0 37.0 -1.0 33.0 29.0 21.0 -1.0 
43.0 47.0 15.0 48.0 -1.0 -1.0 -1.0 -1.0 -1.0 23.0 
10.0 47.0 36.0 31.0 -1.0 -1.0 48.0 20.0 -1.0 32.0 
46.0 -1.0 30.0 35.0 47.0 -1.0 -1.0 10.0 26.0 44.0 
46.0 19.0 32.0 24.0 -1.0 -1.0 37.0 -1.0 31.0 -1.0 
12.0 17.0 -1.0 18.0 25.0 32.0 50.0 23.0 42.0 -1.0 
-1.0 -1.0 -1.0 19.0 -1.0 37.0 11.0 17.0 30.0 -1.0 
33.0 -1.0 31.0 -1.0 -1.0 40.0 44.0 -1.0 -1.0 45.0 
19.0 -1.0 -1.0 -1.0 27.0 39.0 -1.0 36.0 20.0 26.0 
-1.0 -1.0 14.0 33.0 19.0 -1.0 -1.0 43.0 -1.0 -1.0 
-1.0 36.0 23.0 49.0 -1.0 32.0 -1.0 -1.0 44.0 41.0 
-1.0 -1.0 26.0 -1.0 -1.0 -1.0 28.0 20.0 -1.0 23.0 
-1.0 25.0 45.0 -1.0 43.0 -1.0 -1.0 -1.0 33.0 -1.0 
26.0 -1.0 41.0 -1.0 -1.0 30.0 -1.0 -1.0 -1.0 33.0 
19.0 39.0 32.0 29.0 -1.0 27.0 39.0 49.0 -1.0 39.0 
-1.0 44.0 43.0 -1.0 34.0 -1.0 31.0 15.0 -1.0 -1.0 
-1.0 -1.0 34.0 37.0 -1.0 48.0 37.0 -1.0 -1.0 28.0 
21.0 29.0 -1.0 11.0 21.0 -1.0 23.0 47.0 -1.0 44.0 
-1.0 26.0 25.0 22.0 40.0 41.0 -1.0 24.0 -1.0 39.0 
