***n m*** 
10 11 
***h*** 
7 7 13 11 7 15 11 13 13 10 
***d*** 
281.33 71.48 709.18 310.7 430.16 733.9 542.56 312.73 466.22 309.62 
***M*** 
1 6 3 8 2 11 9 
6 5 9 11 3 10 7 1 
11 2 6 5 3 7 
9 7 6 8 5 10 1 
1 6 2 4 10 3 8 
6 2 11 7 8 10 
6 4 5 3 11 
3 8 2 5 
6 1 10 2 11 5 
3 11 6 5 
6 3 1 8 
2 11 6 8 
4 3 6 5 8 
5 6 1 10 3 
8 2 5 1 4 7 
6 11 1 8 4 9 3 10 
7 8 9 1 
8 3 7 9 5 2 11 6 
3 9 4 11 1 
2 7 4 1 6 8 3 9 
8 10 5 9 1 
4 3 1 5 
6 4 8 10 3 
3 5 2 8 10 
11 10 2 9 6 
7 5 1 10 3 9 
4 2 8 1 
4 10 3 2 
11 4 10 9 8 3 
9 4 3 8 
5 10 4 7 
9 5 10 3 1 2 4 
6 3 4 7 9 5 2 8 
3 8 6 2 5 11 
8 4 9 1 7 10 
6 5 9 10 7 11 3 
11 8 7 9 
8 1 11 9 4 7 
3 11 10 2 7 4 
5 11 2 6 9 
4 5 1 3 10 8 11 9 
11 3 5 4 8 10 1 
4 3 8 9 
7 6 9 2 5 1 11 4 
1 9 8 2 5 6 
9 6 10 4 5 1 2 
8 5 7 4 6 9 
4 2 9 5 1 11 
5 10 9 7 6 
8 11 10 2 
6 11 5 1 2 7 4 
2 10 4 8 6 7 1 3 
8 7 1 10 11 4 
11 2 1 4 5 10 9 6 
7 2 4 8 9 10 
3 9 5 1 8 
10 5 6 4 
3 9 2 10 8 
2 3 8 1 10 
9 2 5 8 1 10 11 
7 10 5 11 
1 4 2 3 8 9 5 
4 7 10 3 5 11 8 9 
2 3 4 5 11 7 6 10 
8 6 4 10 5 9 1 
10 4 1 7 8 11 
3 10 11 7 
9 6 1 7 
1 9 8 10 11 
8 3 7 5 2 4 
7 9 10 2 8 4 
5 7 1 11 6 4 2 
4 1 9 7 
1 3 11 9 4 2 6 
8 6 10 3 7 1 
6 7 5 4 11 10 2 
11 1 3 6 9 10 
9 1 11 10 3 4 5 6 
7 2 6 1 
4 7 2 5 9 10 8 
7 10 4 1 9 3 5 6 
9 10 5 6 2 1 
9 7 10 5 1 
4 5 1 3 9 11 
2 8 11 3 9 5 7 
5 6 8 2 1 3 9 10 
2 9 6 8 11 1 4 
6 2 3 7 
10 6 11 4 3 2 5 7 
1 3 5 9 
7 2 3 4 8 1 5 6 
7 8 4 11 
11 7 3 2 4 9 1 
3 5 11 1 4 7 9 
2 10 1 4 7 
11 7 8 10 
5 1 8 3 6 7 
8 11 2 10 1 7 4 
4 8 6 9 
8 2 1 6 9 
10 9 3 2 4 7 
7 3 5 9 4 
4 8 10 1 3 7 
7 3 11 1 10 
2 1 11 4 10 
11 10 9 5 6 2 8 
3 5 9 4 6 1 2 
***P*** 
24.0 17.0 48.0 -1.0 -1.0 20.0 -1.0 34.0 31.0 -1.0 20.0 
30.0 -1.0 16.0 -1.0 18.0 36.0 33.0 -1.0 21.0 43.0 32.0 
-1.0 16.0 19.0 -1.0 31.0 50.0 17.0 -1.0 -1.0 -1.0 19.0 
35.0 -1.0 -1.0 -1.0 14.0 16.0 50.0 19.0 46.0 45.0 -1.0 
47.0 17.0 33.0 31.0 -1.0 29.0 -1.0 15.0 -1.0 27.0 -1.0 
-1.0 18.0 -1.0 -1.0 -1.0 15.0 34.0 21.0 -1.0 26.0 28.0 
-1.0 -1.0 16.0 11.0 28.0 40.0 -1.0 -1.0 -1.0 -1.0 45.0 
-1.0 13.0 34.0 -1.0 12.0 -1.0 -1.0 33.0 -1.0 -1.0 -1.0 
26.0 30.0 -1.0 -1.0 17.0 50.0 -1.0 -1.0 -1.0 44.0 36.0 
-1.0 -1.0 14.0 -1.0 50.0 44.0 -1.0 -1.0 -1.0 -1.0 43.0 
44.0 -1.0 33.0 -1.0 -1.0 29.0 -1.0 50.0 -1.0 -1.0 -1.0 
-1.0 19.0 -1.0 -1.0 -1.0 34.0 -1.0 29.0 -1.0 -1.0 26.0 
-1.0 -1.0 49.0 42.0 49.0 40.0 -1.0 18.0 -1.0 -1.0 -1.0 
30.0 -1.0 22.0 -1.0 18.0 44.0 -1.0 -1.0 -1.0 39.0 -1.0 
25.0 19.0 -1.0 21.0 21.0 -1.0 46.0 12.0 -1.0 -1.0 -1.0 
43.0 -1.0 34.0 24.0 -1.0 31.0 -1.0 31.0 17.0 25.0 38.0 
24.0 -1.0 -1.0 -1.0 -1.0 -1.0 28.0 18.0 10.0 -1.0 -1.0 
-1.0 29.0 49.0 -1.0 16.0 16.0 33.0 32.0 49.0 -1.0 28.0 
30.0 -1.0 39.0 28.0 -1.0 -1.0 -1.0 -1.0 18.0 -1.0 30.0 
43.0 31.0 28.0 35.0 -1.0 16.0 40.0 26.0 48.0 -1.0 -1.0 
39.0 -1.0 -1.0 -1.0 32.0 -1.0 -1.0 34.0 14.0 43.0 -1.0 
38.0 -1.0 25.0 19.0 38.0 -1.0 -1.0 -1.0 -1.0 -1.0 -1.0 
-1.0 -1.0 13.0 26.0 -1.0 22.0 -1.0 34.0 -1.0 28.0 -1.0 
-1.0 27.0 46.0 -1.0 48.0 -1.0 -1.0 13.0 -1.0 24.0 -1.0 
-1.0 15.0 -1.0 -1.0 -1.0 13.0 -1.0 -1.0 45.0 19.0 41.0 
12.0 -1.0 16.0 -1.0 46.0 -1.0 18.0 -1.0 47.0 32.0 -1.0 
21.0 18.0 -1.0 15.0 -1.0 -1.0 -1.0 18.0 -1.0 -1.0 -1.0 
-1.0 19.0 16.0 17.0 -1.0 -1.0 -1.0 -1.0 -1.0 32.0 -1.0 
-1.0 -1.0 19.0 38.0 -1.0 -1.0 -1.0 13.0 16.0 43.0 19.0 
-1.0 -1.0 44.0 21.0 -1.0 -1.0 -1.0 40.0 15.0 -1.0 -1.0 
-1.0 -1.0 -1.0 13.0 35.0 -1.0 17.0 -1.0 -1.0 17.0 -1.0 
38.0 50.0 27.0 15.0 12.0 -1.0 -1.0 -1.0 30.0 50.0 -1.0 
-1.0 32.0 50.0 44.0 30.0 48.0 12.0 46.0 48.0 -1.0 -1.0 
-1.0 28.0 41.0 -1.0 34.0 20.0 -1.0 22.0 -1.0 -1.0 44.0 
43.0 -1.0 -1.0 22.0 -1.0 -1.0 40.0 28.0 10.0 48.0 -1.0 
-1.0 -1.0 38.0 -1.0 27.0 17.0 41.0 -1.0 46.0 39.0 38.0 
-1.0 -1.0 -1.0 -1.0 -1.0 -1.0 16.0 34.0 13.0 -1.0 46.0 
38.0 -1.0 -1.0 26.0 -1.0 -1.0 32.0 20.0 49.0 -1.0 40.0 
-1.0 22.0 13.0 49.0 -1.0 -1.0 41.0 -1.0 -1.0 40.0 16.0 
-1.0 41.0 -1.0 -1.0 32.0 43.0 -1.0 -1.0 33.0 -1.0 46.0 
35.0 -1.0 18.0 19.0 28.0 -1.0 -1.0 11.0 17.0 10.0 18.0 
17.0 -1.0 30.0 22.0 10.0 -1.0 -1.0 45.0 -1.0 47.0 33.0 
-1.0 -1.0 36.0 28.0 -1.0 -1.0 -1.0 38.0 11.0 -1.0 -1.0 
19.0 41.0 -1.0 48.0 23.0 27.0 10.0 -1.0 26.0 -1.0 29.0 
42.0 31.0 -1.0 -1.0 11.0 44.0 -1.0 27.0 27.0 -1.0 -1.0 
19.0 49.0 -1.0 39.0 22.0 19.0 -1.0 -1.0 13.0 23.0 -1.0 
-1.0 -1.0 -1.0 38.0 44.0 22.0 48.0 49.0 11.0 -1.0 -1.0 
34.0 21.0 -1.0 16.0 27.0 -1.0 -1.0 -1.0 29.0 -1.0 42.0 
-1.0 -1.0 -1.0 -1.0 21.0 22.0 23.0 -1.0 29.0 49.0 -1.0 
-1.0 18.0 -1.0 -1.0 -1.0 -1.0 -1.0 36.0 -1.0 27.0 22.0 
28.0 36.0 -1.0 40.0 31.0 38.0 19.0 -1.0 -1.0 -1.0 47.0 
24.0 10.0 33.0 18.0 -1.0 32.0 14.0 33.0 -1.0 24.0 -1.0 
19.0 -1.0 -1.0 30.0 -1.0 -1.0 23.0 37.0 -1.0 31.0 42.0 
41.0 39.0 -1.0 28.0 40.0 24.0 -1.0 -1.0 19.0 22.0 37.0 
-1.0 40.0 -1.0 46.0 -1.0 -1.0 23.0 25.0 31.0 12.0 -1.0 
40.0 -1.0 43.0 -1.0 50.0 -1.0 -1.0 27.0 21.0 -1.0 -1.0 
-1.0 -1.0 -1.0 26.0 37.0 26.0 -1.0 -1.0 -1.0 33.0 -1.0 
-1.0 34.0 49.0 -1.0 -1.0 -1.0 -1.0 43.0 27.0 31.0 -1.0 
19.0 46.0 19.0 -1.0 -1.0 -1.0 -1.0 12.0 -1.0 42.0 -1.0 
43.0 47.0 -1.0 -1.0 48.0 -1.0 -1.0 50.0 50.0 18.0 39.0 
-1.0 -1.0 -1.0 -1.0 33.0 -1.0 39.0 -1.0 -1.0 26.0 40.0 
34.0 17.0 46.0 17.0 17.0 -1.0 -1.0 10.0 36.0 -1.0 -1.0 
-1.0 -1.0 50.0 38.0 16.0 -1.0 38.0 36.0 48.0 23.0 31.0 
-1.0 43.0 46.0 22.0 32.0 11.0 17.0 -1.0 -1.0 14.0 35.0 
22.0 -1.0 -1.0 12.0 22.0 31.0 -1.0 37.0 28.0 10.0 -1.0 
13.0 -1.0 -1.0 19.0 -1.0 -1.0 10.0 18.0 -1.0 28.0 20.0 
-1.0 -1.0 38.0 -1.0 -1.0 -1.0 40.0 -1.0 -1.0 47.0 24.0 
12.0 -1.0 -1.0 -1.0 -1.0 22.0 47.0 -1.0 10.0 -1.0 -1.0 
10.0 -1.0 -1.0 -1.0 -1.0 -1.0 -1.0 31.0 32.0 12.0 23.0 
-1.0 49.0 39.0 46.0 43.0 -1.0 15.0 47.0 -1.0 -1.0 -1.0 
-1.0 43.0 -1.0 26.0 -1.0 -1.0 29.0 22.0 17.0 31.0 -1.0 
40.0 43.0 -1.0 39.0 29.0 19.0 45.0 -1.0 -1.0 -1.0 31.0 
16.0 -1.0 -1.0 13.0 -1.0 -1.0 21.0 -1.0 38.0 -1.0 -1.0 
36.0 23.0 48.0 10.0 -1.0 11.0 -1.0 -1.0 48.0 -1.0 18.0 
12.0 -1.0 27.0 -1.0 -1.0 32.0 34.0 23.0 -1.0 30.0 -1.0 
-1.0 41.0 -1.0 36.0 33.0 37.0 48.0 -1.0 -1.0 36.0 36.0 
37.0 -1.0 42.0 -1.0 -1.0 49.0 -1.0 -1.0 29.0 26.0 31.0 
17.0 -1.0 32.0 24.0 44.0 36.0 -1.0 -1.0 11.0 40.0 22.0 
33.0 31.0 -1.0 -1.0 -1.0 29.0 37.0 -1.0 -1.0 -1.0 -1.0 
-1.0 13.0 -1.0 41.0 17.0 -1.0 46.0 15.0 47.0 35.0 -1.0 
50.0 -1.0 30.0 30.0 17.0 22.0 18.0 -1.0 21.0 29.0 -1.0 
20.0 35.0 -1.0 -1.0 13.0 18.0 -1.0 -1.0 24.0 14.0 -1.0 
23.0 -1.0 -1.0 -1.0 15.0 -1.0 32.0 -1.0 32.0 30.0 -1.0 
31.0 -1.0 40.0 46.0 18.0 -1.0 -1.0 -1.0 24.0 -1.0 46.0 
-1.0 18.0 25.0 -1.0 21.0 -1.0 45.0 30.0 37.0 -1.0 27.0 
13.0 45.0 33.0 -1.0 43.0 45.0 -1.0 32.0 47.0 39.0 -1.0 
48.0 48.0 -1.0 12.0 -1.0 23.0 -1.0 50.0 10.0 -1.0 41.0 
-1.0 27.0 11.0 -1.0 -1.0 29.0 42.0 -1.0 -1.0 -1.0 -1.0 
-1.0 34.0 25.0 49.0 45.0 45.0 27.0 -1.0 -1.0 41.0 14.0 
26.0 -1.0 21.0 -1.0 44.0 -1.0 -1.0 -1.0 13.0 -1.0 -1.0 
47.0 10.0 35.0 49.0 14.0 10.0 29.0 33.0 -1.0 -1.0 -1.0 
-1.0 -1.0 -1.0 44.0 -1.0 -1.0 43.0 27.0 -1.0 -1.0 47.0 
26.0 42.0 21.0 17.0 -1.0 -1.0 36.0 -1.0 32.0 -1.0 10.0 
15.0 -1.0 37.0 18.0 16.0 -1.0 14.0 -1.0 48.0 -1.0 13.0 
43.0 14.0 -1.0 12.0 -1.0 -1.0 28.0 -1.0 -1.0 14.0 -1.0 
-1.0 -1.0 -1.0 -1.0 -1.0 -1.0 38.0 35.0 -1.0 10.0 44.0 
34.0 -1.0 44.0 -1.0 44.0 27.0 36.0 11.0 -1.0 -1.0 -1.0 
41.0 23.0 -1.0 22.0 -1.0 -1.0 48.0 32.0 -1.0 39.0 43.0 
-1.0 -1.0 -1.0 33.0 -1.0 30.0 -1.0 32.0 30.0 -1.0 -1.0 
11.0 19.0 -1.0 -1.0 -1.0 35.0 -1.0 16.0 20.0 -1.0 -1.0 
-1.0 29.0 36.0 10.0 -1.0 -1.0 45.0 -1.0 48.0 44.0 -1.0 
-1.0 -1.0 21.0 29.0 23.0 -1.0 46.0 -1.0 47.0 -1.0 -1.0 
21.0 -1.0 31.0 12.0 -1.0 -1.0 33.0 22.0 -1.0 19.0 -1.0 
45.0 -1.0 33.0 -1.0 -1.0 -1.0 38.0 -1.0 -1.0 38.0 42.0 
39.0 40.0 -1.0 15.0 -1.0 -1.0 -1.0 -1.0 -1.0 18.0 24.0 
-1.0 48.0 -1.0 -1.0 23.0 11.0 -1.0 22.0 48.0 17.0 15.0 
45.0 33.0 15.0 10.0 10.0 37.0 -1.0 -1.0 33.0 -1.0 -1.0 
