***n m*** 
20 10 
***h*** 
10 5 14 15 10 7 12 14 14 15 10 12 13 13 10 10 9 12 7 5 
***d*** 
908.91 698.83 533.5 530.98 519.6 468.39 785.18 131.11 527.51 920.86 760.98 951.85 524.5 131.17 787.8 505.95 126.78 131.13 494.88 459.72 
***M*** 
5 8 3 2 6 4 
7 8 6 4 9 
2 1 5 8 3 4 6 7 
5 3 9 8 4 
10 4 6 7 2 
4 7 8 10 
2 5 9 6 4 10 
5 3 4 10 1 8 9 
8 3 6 9 5 
10 2 5 8 4 7 1 
6 4 8 5 
2 3 4 6 9 8 
6 7 10 1 9 4 
10 1 3 5 9 2 
5 8 1 7 4 9 6 3 
6 10 1 2 5 
6 10 3 5 
3 5 2 8 10 
9 1 5 3 10 7 4 
9 2 1 5 10 3 4 
5 1 9 2 
4 5 7 8 9 2 
7 2 5 10 6 9 1 8 
2 9 5 1 7 8 3 
3 1 9 4 6 8 5 
5 7 4 10 3 1 8 
10 9 1 5 
10 9 1 5 3 
7 10 2 1 5 9 
10 6 5 3 8 
3 2 5 6 7 9 4 10 
9 8 1 6 
2 1 7 6 4 8 10 3 
6 10 2 1 
6 3 5 9 10 
5 4 8 7 3 2 
5 3 4 8 6 
10 4 7 5 9 2 
9 3 4 6 7 10 
3 10 5 4 7 9 
8 10 6 9 5 4 
10 1 2 3 5 4 8 6 
9 10 7 3 4 6 1 5 
3 7 10 5 6 
2 4 8 7 
10 2 5 8 1 9 7 6 
9 6 5 10 7 3 4 
2 1 5 8 4 10 6 3 
6 1 8 4 5 3 7 
2 10 6 5 7 
4 7 2 3 9 6 
3 9 4 2 
2 6 9 10 3 
5 6 7 3 4 1 8 10 
8 5 7 9 2 4 6 
3 9 8 1 
10 6 3 5 7 1 2 
4 2 8 9 10 
3 5 10 4 2 6 9 8 
2 7 4 3 5 
8 1 6 9 3 2 
7 3 6 9 4 8 1 5 
2 8 5 6 3 10 
6 5 9 3 10 1 8 7 
10 9 6 8 
2 1 4 10 6 8 
4 9 7 2 6 1 3 5 
3 6 4 2 8 1 9 10 
7 3 5 10 4 2 8 
10 4 2 5 8 9 
8 10 5 2 
7 5 10 4 1 8 
5 4 6 8 7 
1 9 10 5 
9 7 3 6 10 2 
9 8 10 1 5 7 
2 3 1 4 9 8 
7 10 9 3 4 
8 4 3 1 5 9 10 
2 9 10 7 8 6 5 
3 8 10 9 1 
2 8 9 1 4 6 
8 2 5 3 7 6 
10 5 7 4 9 8 
9 8 5 4 7 
8 5 1 7 
9 10 7 1 2 6 5 3 
2 5 6 8 4 7 
2 7 1 10 
8 4 9 2 7 6 1 10 
3 6 9 10 7 8 
1 3 9 10 4 6 5 8 
4 2 6 8 9 3 
5 2 1 6 3 10 4 9 
4 2 9 1 3 10 5 
3 4 1 7 2 9 
7 8 2 9 4 6 10 
5 10 8 1 
2 8 5 9 
10 8 1 5 9 4 7 3 
5 8 10 2 6 1 
10 9 4 8 6 5 7 1 
3 8 6 7 
6 5 10 7 2 3 9 
5 10 9 4 8 2 1 
3 9 6 7 10 
3 8 10 6 
8 1 10 4 
2 3 4 8 
10 3 4 7 
7 9 5 10 2 8 
2 8 1 6 10 3 5 
6 4 8 7 3 10 9 
1 6 2 4 9 
7 10 9 6 3 
2 7 1 3 
9 2 1 6 
1 5 7 8 
6 3 9 7 1 2 4 
7 4 3 1 5 6 
4 6 2 9 
7 10 8 6 5 
2 7 10 1 9 8 4 
3 8 7 10 2 5 1 9 
7 4 6 2 5 10 1 8 
2 5 1 8 7 10 6 4 
4 5 6 7 10 9 8 
3 7 8 10 6 4 1 5 
9 1 5 4 
9 2 8 6 7 
9 10 3 6 
3 1 6 10 9 5 
6 2 8 3 
1 3 2 6 10 8 7 
4 3 1 9 2 
2 7 5 1 10 9 4 3 
10 2 6 8 7 5 1 4 
3 8 4 10 2 6 9 
2 7 4 9 3 
3 2 4 5 1 
7 6 2 1 9 5 
2 6 8 9 1 4 7 10 
7 1 2 4 10 9 
7 8 4 1 2 9 
1 2 3 7 
3 4 7 8 
1 9 8 7 4 
6 4 2 9 5 7 10 3 
6 2 3 4 7 
4 7 3 1 
2 7 9 8 6 10 
9 8 4 1 5 
9 5 2 1 7 3 6 4 
3 2 4 9 
5 10 3 8 2 9 
5 4 7 6 
4 6 7 3 9 5 10 2 
7 5 1 2 3 10 
7 5 10 1 2 
5 9 10 6 3 1 
4 5 3 1 2 
5 2 6 9 1 
2 3 8 10 
1 5 2 4 
4 8 1 10 6 7 
8 10 4 3 5 9 6 
3 10 1 8 7 9 5 2 
1 4 3 8 2 10 9 
7 2 10 4 
4 3 6 8 7 5 2 1 
9 7 6 5 1 8 10 
9 10 8 1 4 7 6 2 
2 9 6 10 
1 6 9 3 10 
2 5 8 3 
4 8 7 6 9 1 5 
7 3 2 9 10 1 6 
6 10 8 7 
2 4 3 10 1 
7 5 9 8 1 6 10 4 
1 5 8 10 9 6 
5 2 10 9 6 7 3 
7 3 1 10 4 2 
10 1 3 6 
7 2 4 1 9 6 3 
2 10 9 5 1 
7 2 9 10 
8 1 9 3 6 10 5 4 
9 10 2 6 
7 8 5 3 1 10 2 9 
3 9 6 10 
4 1 2 9 3 5 7 
6 8 5 1 7 4 3 2 
9 10 8 4 
2 7 6 10 1 
7 1 8 2 6 10 9 
1 9 2 6 10 5 4 8 
10 9 5 7 1 2 4 8 
1 8 2 7 4 3 
2 5 6 8 4 9 7 
10 9 2 1 3 6 
2 9 3 4 
4 3 1 10 
4 5 8 7 
7 6 9 10 4 1 
6 2 3 1 10 
10 2 3 5 1 
9 2 4 5 
2 10 7 8 5 
3 8 6 10 7 
3 9 4 5 2 8 1 
9 5 1 10 3 
6 2 1 10 
1 3 6 8 10 5 2 4 
4 7 1 5 6 2 10 3 
8 7 9 1 2 6 5 
2 1 9 3 
***P*** 
-1.0 15.0 28.0 31.0 22.0 28.0 -1.0 19.0 -1.0 -1.0 
-1.0 -1.0 -1.0 19.0 -1.0 26.0 47.0 48.0 36.0 -1.0 
17.0 23.0 49.0 14.0 46.0 24.0 29.0 35.0 -1.0 -1.0 
-1.0 -1.0 37.0 38.0 48.0 -1.0 -1.0 18.0 31.0 -1.0 
-1.0 11.0 -1.0 33.0 -1.0 17.0 42.0 -1.0 -1.0 47.0 
-1.0 -1.0 -1.0 39.0 -1.0 -1.0 29.0 23.0 -1.0 14.0 
-1.0 32.0 -1.0 20.0 18.0 18.0 -1.0 -1.0 40.0 42.0 
12.0 -1.0 14.0 47.0 43.0 -1.0 -1.0 36.0 23.0 33.0 
-1.0 -1.0 26.0 -1.0 17.0 26.0 -1.0 49.0 38.0 -1.0 
38.0 31.0 -1.0 38.0 22.0 -1.0 13.0 18.0 -1.0 40.0 
-1.0 -1.0 -1.0 33.0 24.0 47.0 -1.0 46.0 -1.0 -1.0 
-1.0 36.0 29.0 23.0 -1.0 26.0 -1.0 36.0 15.0 -1.0 
21.0 -1.0 -1.0 50.0 -1.0 46.0 36.0 -1.0 11.0 19.0 
33.0 50.0 16.0 -1.0 19.0 -1.0 -1.0 -1.0 28.0 34.0 
40.0 -1.0 17.0 41.0 47.0 19.0 46.0 46.0 16.0 -1.0 
12.0 22.0 -1.0 -1.0 33.0 14.0 -1.0 -1.0 -1.0 22.0 
-1.0 -1.0 38.0 -1.0 37.0 43.0 -1.0 -1.0 -1.0 38.0 
-1.0 17.0 10.0 -1.0 23.0 -1.0 -1.0 20.0 -1.0 41.0 
43.0 -1.0 15.0 41.0 43.0 -1.0 24.0 -1.0 35.0 50.0 
42.0 11.0 29.0 13.0 32.0 -1.0 -1.0 -1.0 12.0 45.0 
40.0 19.0 -1.0 -1.0 30.0 -1.0 -1.0 -1.0 48.0 -1.0 
-1.0 45.0 -1.0 42.0 33.0 -1.0 43.0 26.0 35.0 -1.0 
36.0 25.0 -1.0 -1.0 10.0 28.0 34.0 33.0 24.0 22.0 
40.0 16.0 37.0 -1.0 36.0 -1.0 30.0 31.0 47.0 -1.0 
32.0 -1.0 18.0 27.0 37.0 42.0 -1.0 23.0 18.0 -1.0 
38.0 -1.0 49.0 20.0 12.0 -1.0 27.0 32.0 -1.0 47.0 
30.0 -1.0 -1.0 -1.0 35.0 -1.0 -1.0 -1.0 13.0 35.0 
11.0 -1.0 10.0 -1.0 14.0 -1.0 -1.0 -1.0 45.0 17.0 
38.0 29.0 -1.0 -1.0 31.0 -1.0 14.0 -1.0 43.0 29.0 
-1.0 -1.0 44.0 -1.0 21.0 41.0 -1.0 50.0 -1.0 33.0 
-1.0 30.0 19.0 10.0 31.0 39.0 11.0 -1.0 28.0 14.0 
44.0 -1.0 -1.0 -1.0 -1.0 39.0 -1.0 14.0 45.0 -1.0 
11.0 47.0 40.0 41.0 -1.0 38.0 41.0 38.0 -1.0 21.0 
40.0 50.0 -1.0 -1.0 -1.0 20.0 -1.0 -1.0 -1.0 22.0 
-1.0 -1.0 32.0 -1.0 14.0 23.0 -1.0 -1.0 42.0 13.0 
-1.0 20.0 36.0 34.0 26.0 -1.0 37.0 39.0 -1.0 -1.0 
-1.0 -1.0 11.0 46.0 41.0 41.0 -1.0 38.0 -1.0 -1.0 
-1.0 33.0 -1.0 42.0 14.0 -1.0 45.0 -1.0 30.0 18.0 
-1.0 -1.0 10.0 34.0 -1.0 26.0 18.0 -1.0 28.0 48.0 
-1.0 -1.0 27.0 35.0 16.0 -1.0 49.0 -1.0 18.0 36.0 
-1.0 -1.0 -1.0 41.0 17.0 48.0 -1.0 17.0 43.0 47.0 
30.0 25.0 26.0 39.0 44.0 31.0 -1.0 37.0 -1.0 42.0 
37.0 -1.0 45.0 15.0 21.0 26.0 27.0 -1.0 26.0 21.0 
-1.0 -1.0 26.0 -1.0 31.0 21.0 50.0 -1.0 -1.0 47.0 
-1.0 31.0 -1.0 28.0 -1.0 -1.0 26.0 13.0 -1.0 -1.0 
17.0 43.0 -1.0 -1.0 34.0 34.0 16.0 21.0 10.0 14.0 
-1.0 -1.0 29.0 15.0 29.0 16.0 11.0 -1.0 20.0 31.0 
23.0 35.0 19.0 19.0 15.0 23.0 -1.0 17.0 -1.0 16.0 
27.0 -1.0 47.0 48.0 22.0 18.0 50.0 48.0 -1.0 -1.0 
-1.0 32.0 -1.0 -1.0 47.0 40.0 26.0 -1.0 -1.0 36.0 
-1.0 11.0 14.0 19.0 -1.0 24.0 42.0 -1.0 48.0 -1.0 
-1.0 46.0 32.0 50.0 -1.0 -1.0 -1.0 -1.0 41.0 -1.0 
-1.0 29.0 26.0 -1.0 -1.0 17.0 -1.0 -1.0 27.0 50.0 
36.0 -1.0 35.0 13.0 31.0 20.0 10.0 42.0 -1.0 31.0 
-1.0 38.0 -1.0 14.0 12.0 23.0 33.0 15.0 38.0 -1.0 
12.0 -1.0 31.0 -1.0 -1.0 -1.0 -1.0 34.0 39.0 -1.0 
13.0 28.0 45.0 -1.0 48.0 46.0 37.0 -1.0 -1.0 25.0 
-1.0 44.0 -1.0 23.0 -1.0 -1.0 -1.0 10.0 27.0 49.0 
-1.0 21.0 11.0 41.0 41.0 17.0 -1.0 23.0 42.0 37.0 
-1.0 21.0 49.0 22.0 18.0 -1.0 15.0 -1.0 -1.0 -1.0 
30.0 40.0 27.0 -1.0 -1.0 33.0 -1.0 23.0 36.0 -1.0 
41.0 -1.0 13.0 36.0 15.0 18.0 31.0 40.0 12.0 -1.0 
-1.0 32.0 50.0 -1.0 31.0 32.0 -1.0 15.0 -1.0 33.0 
35.0 -1.0 28.0 -1.0 12.0 24.0 27.0 37.0 12.0 20.0 
-1.0 -1.0 -1.0 -1.0 -1.0 42.0 -1.0 41.0 31.0 16.0 
32.0 46.0 -1.0 50.0 -1.0 28.0 -1.0 37.0 -1.0 27.0 
11.0 47.0 19.0 14.0 47.0 38.0 22.0 -1.0 18.0 -1.0 
31.0 40.0 32.0 37.0 -1.0 28.0 -1.0 35.0 40.0 42.0 
-1.0 19.0 15.0 40.0 26.0 -1.0 13.0 48.0 -1.0 34.0 
-1.0 33.0 -1.0 34.0 16.0 -1.0 -1.0 14.0 40.0 47.0 
-1.0 47.0 -1.0 -1.0 46.0 -1.0 -1.0 36.0 -1.0 30.0 
22.0 -1.0 -1.0 33.0 49.0 -1.0 17.0 10.0 -1.0 14.0 
-1.0 -1.0 -1.0 22.0 17.0 16.0 31.0 30.0 -1.0 -1.0 
34.0 -1.0 -1.0 -1.0 21.0 -1.0 -1.0 -1.0 17.0 49.0 
-1.0 24.0 37.0 -1.0 -1.0 49.0 39.0 -1.0 35.0 32.0 
48.0 -1.0 -1.0 -1.0 50.0 -1.0 28.0 42.0 10.0 41.0 
32.0 11.0 32.0 30.0 -1.0 -1.0 -1.0 16.0 32.0 -1.0 
-1.0 -1.0 17.0 30.0 -1.0 -1.0 16.0 -1.0 19.0 35.0 
11.0 -1.0 42.0 38.0 36.0 -1.0 -1.0 47.0 33.0 17.0 
-1.0 30.0 -1.0 -1.0 48.0 23.0 31.0 21.0 34.0 39.0 
24.0 -1.0 15.0 -1.0 -1.0 -1.0 -1.0 15.0 37.0 27.0 
45.0 34.0 -1.0 10.0 -1.0 48.0 -1.0 16.0 29.0 -1.0 
-1.0 37.0 32.0 -1.0 36.0 24.0 10.0 13.0 -1.0 -1.0 
-1.0 -1.0 -1.0 20.0 36.0 -1.0 32.0 15.0 11.0 35.0 
-1.0 -1.0 -1.0 26.0 17.0 -1.0 46.0 39.0 40.0 -1.0 
19.0 -1.0 -1.0 -1.0 14.0 -1.0 17.0 25.0 -1.0 -1.0 
39.0 15.0 45.0 -1.0 33.0 27.0 13.0 -1.0 50.0 27.0 
-1.0 30.0 -1.0 23.0 44.0 43.0 10.0 14.0 -1.0 -1.0 
29.0 22.0 -1.0 -1.0 -1.0 -1.0 42.0 -1.0 -1.0 26.0 
33.0 49.0 -1.0 49.0 -1.0 11.0 30.0 35.0 18.0 45.0 
-1.0 -1.0 31.0 -1.0 -1.0 13.0 28.0 50.0 29.0 13.0 
32.0 -1.0 33.0 49.0 27.0 15.0 -1.0 49.0 14.0 23.0 
-1.0 42.0 33.0 48.0 -1.0 20.0 -1.0 23.0 21.0 -1.0 
10.0 22.0 38.0 46.0 41.0 23.0 -1.0 -1.0 30.0 20.0 
14.0 49.0 26.0 33.0 48.0 -1.0 -1.0 -1.0 16.0 24.0 
39.0 11.0 24.0 19.0 -1.0 -1.0 27.0 -1.0 32.0 -1.0 
-1.0 17.0 -1.0 22.0 -1.0 34.0 20.0 44.0 15.0 48.0 
28.0 -1.0 -1.0 -1.0 25.0 -1.0 -1.0 28.0 -1.0 13.0 
-1.0 26.0 -1.0 -1.0 40.0 -1.0 -1.0 46.0 33.0 -1.0 
16.0 -1.0 42.0 14.0 48.0 -1.0 34.0 27.0 15.0 28.0 
20.0 39.0 -1.0 -1.0 36.0 34.0 -1.0 34.0 -1.0 41.0 
43.0 -1.0 -1.0 26.0 18.0 40.0 36.0 25.0 45.0 32.0 
-1.0 -1.0 34.0 -1.0 -1.0 50.0 26.0 45.0 -1.0 -1.0 
-1.0 36.0 17.0 -1.0 42.0 23.0 46.0 -1.0 22.0 44.0 
44.0 35.0 -1.0 32.0 47.0 -1.0 -1.0 34.0 48.0 45.0 
-1.0 -1.0 37.0 -1.0 -1.0 36.0 31.0 -1.0 26.0 41.0 
-1.0 -1.0 40.0 -1.0 -1.0 43.0 -1.0 29.0 -1.0 30.0 
23.0 -1.0 -1.0 38.0 -1.0 -1.0 -1.0 34.0 -1.0 39.0 
-1.0 31.0 32.0 41.0 -1.0 -1.0 -1.0 24.0 -1.0 -1.0 
-1.0 -1.0 24.0 44.0 -1.0 -1.0 40.0 -1.0 -1.0 16.0 
-1.0 41.0 -1.0 -1.0 15.0 -1.0 21.0 16.0 43.0 16.0 
22.0 20.0 19.0 -1.0 19.0 16.0 -1.0 37.0 -1.0 48.0 
-1.0 -1.0 16.0 45.0 -1.0 25.0 10.0 35.0 33.0 49.0 
42.0 26.0 -1.0 23.0 -1.0 26.0 -1.0 -1.0 32.0 -1.0 
-1.0 -1.0 41.0 -1.0 -1.0 50.0 15.0 -1.0 39.0 23.0 
39.0 24.0 47.0 -1.0 -1.0 -1.0 43.0 -1.0 -1.0 -1.0 
36.0 32.0 -1.0 -1.0 -1.0 16.0 -1.0 -1.0 45.0 -1.0 
49.0 -1.0 -1.0 -1.0 21.0 -1.0 26.0 14.0 -1.0 -1.0 
50.0 20.0 23.0 42.0 -1.0 27.0 26.0 -1.0 29.0 -1.0 
34.0 -1.0 50.0 22.0 26.0 21.0 32.0 -1.0 -1.0 -1.0 
-1.0 22.0 -1.0 16.0 -1.0 44.0 -1.0 -1.0 25.0 -1.0 
-1.0 -1.0 -1.0 -1.0 33.0 13.0 45.0 11.0 -1.0 13.0 
22.0 23.0 -1.0 26.0 -1.0 -1.0 44.0 49.0 47.0 37.0 
34.0 50.0 47.0 -1.0 13.0 -1.0 13.0 15.0 39.0 16.0 
48.0 18.0 -1.0 41.0 12.0 42.0 12.0 15.0 -1.0 33.0 
31.0 36.0 -1.0 29.0 15.0 50.0 29.0 14.0 -1.0 46.0 
-1.0 -1.0 -1.0 39.0 36.0 41.0 43.0 30.0 34.0 21.0 
10.0 -1.0 36.0 21.0 43.0 35.0 43.0 45.0 -1.0 37.0 
25.0 -1.0 -1.0 40.0 28.0 -1.0 -1.0 -1.0 12.0 -1.0 
-1.0 15.0 -1.0 -1.0 -1.0 25.0 33.0 42.0 45.0 -1.0 
-1.0 -1.0 17.0 -1.0 -1.0 14.0 -1.0 -1.0 16.0 49.0 
38.0 -1.0 12.0 -1.0 31.0 40.0 -1.0 -1.0 18.0 27.0 
-1.0 19.0 15.0 -1.0 -1.0 20.0 -1.0 17.0 -1.0 -1.0 
33.0 32.0 43.0 -1.0 -1.0 43.0 10.0 10.0 -1.0 47.0 
23.0 39.0 26.0 44.0 -1.0 -1.0 -1.0 -1.0 39.0 -1.0 
36.0 13.0 49.0 14.0 42.0 -1.0 12.0 -1.0 43.0 17.0 
18.0 28.0 -1.0 22.0 20.0 47.0 23.0 32.0 -1.0 12.0 
-1.0 27.0 13.0 46.0 -1.0 20.0 -1.0 37.0 39.0 18.0 
-1.0 11.0 38.0 13.0 -1.0 -1.0 33.0 -1.0 44.0 -1.0 
19.0 30.0 27.0 47.0 43.0 -1.0 -1.0 -1.0 -1.0 -1.0 
45.0 30.0 -1.0 -1.0 36.0 43.0 18.0 -1.0 32.0 -1.0 
32.0 15.0 -1.0 41.0 -1.0 23.0 18.0 14.0 37.0 29.0 
46.0 18.0 -1.0 12.0 -1.0 -1.0 16.0 -1.0 21.0 50.0 
19.0 50.0 -1.0 10.0 -1.0 -1.0 29.0 41.0 20.0 -1.0 
15.0 44.0 27.0 -1.0 -1.0 -1.0 44.0 -1.0 -1.0 -1.0 
-1.0 -1.0 19.0 14.0 -1.0 -1.0 22.0 23.0 -1.0 -1.0 
27.0 -1.0 -1.0 20.0 -1.0 -1.0 30.0 27.0 19.0 -1.0 
-1.0 39.0 32.0 32.0 41.0 17.0 50.0 -1.0 19.0 38.0 
-1.0 24.0 26.0 24.0 -1.0 10.0 14.0 -1.0 -1.0 -1.0 
42.0 -1.0 27.0 15.0 -1.0 -1.0 13.0 -1.0 -1.0 -1.0 
-1.0 39.0 -1.0 -1.0 -1.0 17.0 10.0 49.0 36.0 27.0 
35.0 -1.0 -1.0 50.0 37.0 -1.0 -1.0 38.0 27.0 -1.0 
34.0 47.0 39.0 35.0 11.0 30.0 47.0 -1.0 31.0 -1.0 
-1.0 42.0 12.0 10.0 -1.0 -1.0 -1.0 -1.0 28.0 -1.0 
-1.0 23.0 42.0 -1.0 18.0 -1.0 -1.0 16.0 35.0 23.0 
-1.0 -1.0 -1.0 35.0 19.0 26.0 33.0 -1.0 -1.0 -1.0 
-1.0 21.0 41.0 34.0 43.0 20.0 21.0 -1.0 17.0 28.0 
13.0 41.0 17.0 -1.0 38.0 -1.0 49.0 -1.0 -1.0 23.0 
11.0 35.0 -1.0 -1.0 13.0 -1.0 11.0 -1.0 -1.0 27.0 
23.0 -1.0 24.0 -1.0 31.0 20.0 -1.0 -1.0 27.0 44.0 
22.0 20.0 45.0 15.0 46.0 -1.0 -1.0 -1.0 -1.0 -1.0 
26.0 10.0 -1.0 -1.0 40.0 10.0 -1.0 -1.0 38.0 -1.0 
-1.0 24.0 44.0 -1.0 -1.0 -1.0 -1.0 42.0 -1.0 38.0 
46.0 47.0 -1.0 32.0 46.0 -1.0 -1.0 -1.0 -1.0 -1.0 
50.0 -1.0 -1.0 40.0 -1.0 11.0 38.0 40.0 -1.0 20.0 
-1.0 -1.0 33.0 11.0 22.0 38.0 -1.0 48.0 48.0 42.0 
28.0 15.0 13.0 -1.0 37.0 -1.0 21.0 37.0 34.0 46.0 
31.0 20.0 22.0 49.0 -1.0 -1.0 -1.0 29.0 10.0 39.0 
-1.0 29.0 -1.0 28.0 -1.0 -1.0 39.0 -1.0 -1.0 27.0 
13.0 44.0 35.0 22.0 27.0 25.0 29.0 35.0 -1.0 -1.0 
17.0 -1.0 -1.0 -1.0 15.0 10.0 32.0 29.0 25.0 42.0 
50.0 37.0 -1.0 44.0 -1.0 32.0 15.0 45.0 45.0 19.0 
-1.0 17.0 -1.0 -1.0 -1.0 42.0 -1.0 -1.0 21.0 50.0 
27.0 -1.0 24.0 -1.0 -1.0 36.0 -1.0 -1.0 34.0 13.0 
-1.0 26.0 49.0 -1.0 43.0 -1.0 -1.0 13.0 -1.0 -1.0 
47.0 -1.0 -1.0 11.0 50.0 48.0 12.0 30.0 48.0 -1.0 
46.0 15.0 21.0 -1.0 -1.0 15.0 46.0 -1.0 35.0 36.0 
-1.0 -1.0 -1.0 -1.0 -1.0 37.0 48.0 29.0 -1.0 45.0 
46.0 30.0 42.0 24.0 -1.0 -1.0 -1.0 -1.0 -1.0 32.0 
24.0 -1.0 -1.0 28.0 23.0 28.0 32.0 18.0 28.0 28.0 
15.0 -1.0 -1.0 -1.0 27.0 41.0 -1.0 11.0 18.0 22.0 
-1.0 26.0 26.0 -1.0 47.0 42.0 36.0 -1.0 39.0 47.0 
32.0 28.0 15.0 30.0 -1.0 -1.0 15.0 -1.0 -1.0 43.0 
10.0 -1.0 37.0 -1.0 -1.0 23.0 -1.0 -1.0 -1.0 19.0 
28.0 47.0 49.0 41.0 -1.0 17.0 27.0 -1.0 27.0 -1.0 
45.0 35.0 -1.0 -1.0 33.0 -1.0 -1.0 -1.0 13.0 32.0 
-1.0 33.0 -1.0 -1.0 -1.0 -1.0 14.0 -1.0 50.0 35.0 
45.0 -1.0 26.0 36.0 40.0 12.0 -1.0 40.0 15.0 23.0 
-1.0 50.0 -1.0 -1.0 -1.0 33.0 -1.0 -1.0 19.0 19.0 
42.0 35.0 26.0 -1.0 48.0 -1.0 14.0 29.0 41.0 10.0 
-1.0 -1.0 10.0 -1.0 -1.0 40.0 -1.0 -1.0 14.0 26.0 
12.0 47.0 16.0 46.0 15.0 -1.0 45.0 -1.0 39.0 -1.0 
28.0 31.0 47.0 36.0 50.0 34.0 33.0 12.0 -1.0 -1.0 
-1.0 -1.0 -1.0 19.0 -1.0 -1.0 -1.0 13.0 21.0 15.0 
33.0 22.0 -1.0 -1.0 -1.0 10.0 14.0 -1.0 -1.0 32.0 
20.0 33.0 -1.0 -1.0 -1.0 12.0 50.0 22.0 20.0 31.0 
22.0 14.0 -1.0 37.0 36.0 20.0 -1.0 15.0 37.0 23.0 
20.0 21.0 -1.0 35.0 30.0 -1.0 12.0 40.0 10.0 24.0 
48.0 24.0 22.0 36.0 -1.0 -1.0 33.0 49.0 -1.0 -1.0 
-1.0 31.0 -1.0 48.0 23.0 11.0 48.0 25.0 38.0 -1.0 
28.0 10.0 37.0 -1.0 -1.0 38.0 -1.0 -1.0 23.0 50.0 
-1.0 48.0 21.0 32.0 -1.0 -1.0 -1.0 -1.0 50.0 -1.0 
19.0 -1.0 19.0 43.0 -1.0 -1.0 -1.0 -1.0 -1.0 24.0 
-1.0 -1.0 -1.0 34.0 10.0 -1.0 30.0 17.0 -1.0 -1.0 
28.0 -1.0 -1.0 28.0 -1.0 33.0 40.0 -1.0 14.0 41.0 
31.0 20.0 43.0 -1.0 -1.0 41.0 -1.0 -1.0 -1.0 39.0 
30.0 42.0 27.0 -1.0 45.0 -1.0 -1.0 -1.0 -1.0 14.0 
-1.0 20.0 -1.0 22.0 47.0 -1.0 -1.0 -1.0 16.0 -1.0 
-1.0 50.0 -1.0 -1.0 42.0 -1.0 34.0 32.0 -1.0 48.0 
-1.0 -1.0 14.0 -1.0 -1.0 48.0 28.0 32.0 -1.0 19.0 
42.0 22.0 40.0 38.0 19.0 -1.0 -1.0 32.0 36.0 -1.0 
30.0 -1.0 37.0 -1.0 16.0 -1.0 -1.0 -1.0 49.0 32.0 
14.0 27.0 -1.0 -1.0 -1.0 23.0 -1.0 -1.0 -1.0 34.0 
38.0 36.0 10.0 11.0 16.0 44.0 -1.0 27.0 -1.0 43.0 
25.0 49.0 10.0 23.0 50.0 12.0 32.0 -1.0 -1.0 14.0 
39.0 43.0 -1.0 -1.0 17.0 15.0 18.0 37.0 34.0 -1.0 
10.0 24.0 17.0 -1.0 -1.0 -1.0 -1.0 -1.0 25.0 -1.0 
