***n m*** 
10 11 
***h*** 
7 8 12 15 14 14 10 12 7 8 
***d*** 
670.73 531.66 536.0 79.41 531.86 469.87 523.66 539.64 73.59 74.72 
***M*** 
8 11 6 4 2 3 1 5 
7 8 10 2 11 5 3 
2 11 8 3 
2 9 3 8 11 4 10 
2 10 7 6 
9 7 8 11 3 
10 6 7 11 4 
3 9 1 10 7 8 
2 6 1 7 9 10 4 5 
4 3 8 5 11 10 2 
4 10 2 8 3 
1 7 9 4 
1 11 9 10 4 8 6 2 
1 9 10 3 8 6 11 
2 7 9 3 1 8 
10 2 8 4 
8 4 2 11 
3 10 4 6 7 8 
4 11 10 2 1 
6 3 11 2 4 9 7 10 
11 4 3 7 2 9 
4 9 1 7 2 10 
3 1 5 6 7 11 4 
9 10 6 5 7 
3 6 7 1 2 10 8 
2 10 1 4 9 11 3 6 
1 9 4 8 
3 7 4 8 2 6 5 9 
11 2 1 3 5 10 
5 3 2 1 9 7 11 6 
6 3 4 1 11 8 9 
5 9 8 1 
9 2 8 7 6 3 5 
1 7 9 4 11 8 5 
8 4 9 6 
3 1 11 4 10 9 
6 11 4 8 2 10 1 3 
11 6 2 3 
4 3 7 10 
9 1 6 11 8 2 
11 8 7 9 6 2 
5 11 9 8 10 7 
7 6 11 1 3 4 8 10 
10 2 4 1 
6 9 10 5 1 7 8 3 
11 3 2 5 7 8 6 4 
9 10 1 4 6 5 2 3 
5 4 8 9 7 3 1 2 
8 1 7 4 11 3 
5 10 8 9 3 6 2 1 
1 3 7 8 
7 4 6 9 5 1 2 
2 10 3 11 4 7 5 1 
5 6 9 7 
1 9 10 6 11 2 4 
11 8 1 5 6 
10 9 3 4 7 
10 4 2 8 7 3 9 11 
2 8 7 3 1 10 5 
6 9 2 11 8 7 1 4 
5 10 11 1 7 8 3 4 
7 8 4 2 10 
4 9 1 5 3 8 10 
5 9 8 3 
1 10 7 9 6 4 2 
6 2 1 4 7 8 10 
6 11 4 1 
3 7 9 8 4 1 10 
10 8 3 5 
8 5 3 2 9 
9 8 5 6 1 7 2 4 
7 9 10 11 5 2 8 3 
1 6 8 7 4 
9 10 3 6 7 11 5 8 
3 9 5 4 1 7 2 6 
6 3 10 5 7 9 2 
7 1 11 5 4 6 
4 1 10 8 5 
10 7 1 3 5 9 11 4 
5 11 9 10 1 7 8 6 
5 7 9 6 10 
7 2 10 8 
6 8 10 11 1 2 7 9 
5 11 8 6 3 
9 1 7 3 11 6 
6 8 7 10 2 
9 5 11 2 7 6 3 
2 3 5 7 9 11 
1 5 4 11 
9 5 10 11 1 8 4 6 
7 11 2 4 
11 5 1 4 3 10 8 6 
1 8 7 2 11 3 
5 7 9 6 3 11 8 1 
7 9 1 2 5 6 3 
5 10 4 1 7 
5 2 10 4 8 9 7 
10 4 7 11 5 6 3 
11 5 9 10 7 6 
3 5 1 6 2 8 4 
1 8 11 7 6 3 4 
4 9 8 7 10 
6 9 3 4 
1 6 10 7 11 2 4 
5 7 8 9 11 2 10 3 
8 2 4 5 6 
10 11 7 9 1 2 
***P*** 
19.0 44.0 25.0 40.0 48.0 44.0 -1.0 39.0 -1.0 -1.0 36.0 
-1.0 12.0 35.0 -1.0 30.0 -1.0 15.0 32.0 -1.0 23.0 12.0 
-1.0 23.0 34.0 -1.0 -1.0 -1.0 -1.0 49.0 -1.0 -1.0 15.0 
-1.0 43.0 47.0 49.0 -1.0 -1.0 -1.0 10.0 39.0 48.0 29.0 
-1.0 38.0 -1.0 -1.0 -1.0 38.0 15.0 -1.0 -1.0 16.0 -1.0 
-1.0 -1.0 47.0 -1.0 -1.0 -1.0 23.0 11.0 26.0 -1.0 50.0 
-1.0 -1.0 -1.0 47.0 -1.0 15.0 20.0 -1.0 -1.0 23.0 19.0 
39.0 -1.0 25.0 -1.0 -1.0 -1.0 14.0 23.0 42.0 18.0 -1.0 
31.0 37.0 -1.0 20.0 30.0 47.0 23.0 -1.0 20.0 49.0 -1.0 
-1.0 41.0 14.0 31.0 28.0 -1.0 -1.0 47.0 -1.0 15.0 47.0 
-1.0 43.0 40.0 32.0 -1.0 -1.0 -1.0 42.0 -1.0 48.0 -1.0 
14.0 -1.0 -1.0 39.0 -1.0 -1.0 34.0 -1.0 28.0 -1.0 -1.0 
32.0 47.0 -1.0 37.0 -1.0 28.0 -1.0 41.0 42.0 37.0 38.0 
18.0 -1.0 45.0 -1.0 -1.0 11.0 -1.0 45.0 12.0 40.0 22.0 
50.0 44.0 50.0 -1.0 -1.0 -1.0 36.0 47.0 18.0 -1.0 -1.0 
-1.0 15.0 -1.0 14.0 -1.0 -1.0 -1.0 28.0 -1.0 25.0 -1.0 
-1.0 47.0 -1.0 26.0 -1.0 -1.0 -1.0 32.0 -1.0 -1.0 18.0 
-1.0 -1.0 42.0 31.0 -1.0 26.0 39.0 31.0 -1.0 45.0 -1.0 
19.0 24.0 -1.0 47.0 -1.0 -1.0 -1.0 -1.0 -1.0 29.0 50.0 
-1.0 20.0 39.0 20.0 -1.0 13.0 38.0 -1.0 28.0 45.0 13.0 
-1.0 38.0 11.0 16.0 -1.0 -1.0 40.0 -1.0 50.0 -1.0 50.0 
12.0 25.0 -1.0 41.0 -1.0 -1.0 33.0 -1.0 14.0 18.0 -1.0 
34.0 -1.0 47.0 24.0 49.0 24.0 21.0 -1.0 -1.0 -1.0 36.0 
-1.0 -1.0 -1.0 -1.0 11.0 47.0 10.0 -1.0 45.0 22.0 -1.0 
17.0 46.0 47.0 -1.0 -1.0 26.0 47.0 49.0 -1.0 14.0 -1.0 
19.0 19.0 26.0 37.0 -1.0 36.0 -1.0 -1.0 15.0 12.0 15.0 
47.0 -1.0 -1.0 19.0 -1.0 -1.0 -1.0 15.0 14.0 -1.0 -1.0 
-1.0 44.0 11.0 42.0 26.0 40.0 22.0 16.0 17.0 -1.0 -1.0 
31.0 29.0 49.0 -1.0 48.0 -1.0 -1.0 -1.0 -1.0 47.0 18.0 
33.0 46.0 36.0 -1.0 47.0 29.0 16.0 -1.0 39.0 -1.0 39.0 
28.0 -1.0 44.0 27.0 -1.0 43.0 -1.0 34.0 28.0 -1.0 14.0 
14.0 -1.0 -1.0 -1.0 10.0 -1.0 -1.0 21.0 27.0 -1.0 -1.0 
-1.0 18.0 40.0 -1.0 10.0 37.0 16.0 12.0 33.0 -1.0 -1.0 
29.0 -1.0 -1.0 47.0 19.0 -1.0 26.0 35.0 22.0 -1.0 29.0 
-1.0 -1.0 -1.0 37.0 -1.0 17.0 -1.0 39.0 21.0 -1.0 -1.0 
47.0 -1.0 13.0 12.0 -1.0 -1.0 -1.0 -1.0 21.0 48.0 20.0 
39.0 11.0 34.0 28.0 -1.0 11.0 -1.0 19.0 -1.0 44.0 43.0 
-1.0 42.0 50.0 -1.0 -1.0 38.0 -1.0 -1.0 -1.0 -1.0 46.0 
-1.0 -1.0 11.0 12.0 -1.0 -1.0 15.0 -1.0 -1.0 29.0 -1.0 
46.0 49.0 -1.0 -1.0 -1.0 28.0 -1.0 45.0 18.0 -1.0 35.0 
-1.0 33.0 -1.0 -1.0 -1.0 18.0 35.0 27.0 33.0 -1.0 28.0 
-1.0 -1.0 -1.0 -1.0 42.0 -1.0 21.0 19.0 39.0 14.0 20.0 
33.0 -1.0 47.0 32.0 -1.0 31.0 11.0 48.0 -1.0 36.0 10.0 
17.0 21.0 -1.0 22.0 -1.0 -1.0 -1.0 -1.0 -1.0 13.0 -1.0 
24.0 -1.0 41.0 -1.0 43.0 13.0 26.0 45.0 25.0 18.0 -1.0 
-1.0 32.0 27.0 19.0 19.0 41.0 12.0 17.0 -1.0 -1.0 42.0 
37.0 28.0 36.0 25.0 25.0 18.0 -1.0 -1.0 17.0 32.0 -1.0 
22.0 23.0 38.0 21.0 49.0 -1.0 46.0 48.0 10.0 -1.0 -1.0 
22.0 -1.0 49.0 35.0 -1.0 -1.0 31.0 49.0 -1.0 -1.0 49.0 
43.0 19.0 18.0 -1.0 49.0 27.0 -1.0 35.0 40.0 37.0 -1.0 
41.0 -1.0 36.0 -1.0 -1.0 -1.0 33.0 16.0 -1.0 -1.0 -1.0 
31.0 43.0 -1.0 38.0 21.0 40.0 32.0 -1.0 22.0 -1.0 -1.0 
39.0 13.0 15.0 28.0 12.0 -1.0 15.0 -1.0 -1.0 46.0 28.0 
-1.0 -1.0 -1.0 -1.0 21.0 22.0 40.0 -1.0 17.0 -1.0 -1.0 
48.0 11.0 -1.0 43.0 -1.0 18.0 -1.0 -1.0 17.0 48.0 12.0 
33.0 -1.0 -1.0 -1.0 11.0 13.0 -1.0 30.0 -1.0 -1.0 39.0 
-1.0 -1.0 16.0 50.0 -1.0 -1.0 31.0 -1.0 13.0 22.0 -1.0 
-1.0 21.0 41.0 37.0 -1.0 -1.0 39.0 11.0 28.0 36.0 16.0 
50.0 19.0 27.0 -1.0 35.0 -1.0 33.0 20.0 -1.0 42.0 -1.0 
30.0 17.0 -1.0 36.0 -1.0 22.0 43.0 48.0 48.0 -1.0 43.0 
23.0 -1.0 19.0 12.0 45.0 -1.0 29.0 37.0 -1.0 42.0 11.0 
-1.0 37.0 -1.0 33.0 -1.0 -1.0 11.0 46.0 -1.0 33.0 -1.0 
39.0 -1.0 32.0 20.0 41.0 -1.0 -1.0 28.0 24.0 26.0 -1.0 
-1.0 -1.0 45.0 -1.0 19.0 -1.0 -1.0 49.0 31.0 -1.0 -1.0 
42.0 43.0 -1.0 16.0 -1.0 42.0 36.0 -1.0 30.0 35.0 -1.0 
43.0 15.0 -1.0 19.0 -1.0 46.0 25.0 40.0 -1.0 33.0 -1.0 
10.0 -1.0 -1.0 22.0 -1.0 38.0 -1.0 -1.0 -1.0 -1.0 45.0 
41.0 -1.0 45.0 14.0 -1.0 -1.0 48.0 14.0 10.0 46.0 -1.0 
-1.0 -1.0 42.0 -1.0 44.0 -1.0 -1.0 30.0 -1.0 47.0 -1.0 
-1.0 30.0 17.0 -1.0 11.0 -1.0 -1.0 16.0 15.0 -1.0 -1.0 
24.0 11.0 -1.0 50.0 15.0 45.0 40.0 31.0 40.0 -1.0 -1.0 
-1.0 25.0 11.0 -1.0 33.0 -1.0 44.0 24.0 26.0 21.0 23.0 
15.0 -1.0 -1.0 25.0 -1.0 27.0 18.0 43.0 -1.0 -1.0 -1.0 
-1.0 -1.0 21.0 -1.0 45.0 17.0 30.0 12.0 47.0 33.0 15.0 
29.0 22.0 35.0 18.0 46.0 43.0 48.0 -1.0 41.0 -1.0 -1.0 
-1.0 29.0 49.0 -1.0 18.0 45.0 43.0 -1.0 39.0 39.0 -1.0 
48.0 -1.0 -1.0 20.0 46.0 23.0 11.0 -1.0 -1.0 -1.0 47.0 
47.0 -1.0 -1.0 49.0 22.0 -1.0 -1.0 13.0 -1.0 13.0 -1.0 
12.0 -1.0 40.0 26.0 29.0 -1.0 19.0 -1.0 50.0 48.0 20.0 
44.0 -1.0 -1.0 -1.0 40.0 26.0 13.0 35.0 28.0 35.0 18.0 
-1.0 -1.0 -1.0 -1.0 50.0 28.0 17.0 -1.0 46.0 11.0 -1.0 
-1.0 37.0 -1.0 -1.0 -1.0 -1.0 12.0 10.0 -1.0 12.0 -1.0 
21.0 32.0 -1.0 -1.0 -1.0 39.0 33.0 36.0 50.0 26.0 11.0 
-1.0 -1.0 13.0 -1.0 26.0 40.0 -1.0 23.0 -1.0 -1.0 20.0 
41.0 -1.0 26.0 -1.0 -1.0 17.0 39.0 -1.0 33.0 -1.0 26.0 
-1.0 49.0 -1.0 -1.0 -1.0 50.0 31.0 27.0 -1.0 18.0 -1.0 
-1.0 17.0 31.0 -1.0 14.0 18.0 18.0 -1.0 25.0 -1.0 19.0 
-1.0 50.0 16.0 -1.0 22.0 -1.0 30.0 -1.0 35.0 -1.0 36.0 
37.0 -1.0 -1.0 18.0 36.0 -1.0 -1.0 -1.0 -1.0 -1.0 32.0 
15.0 -1.0 -1.0 28.0 29.0 15.0 -1.0 11.0 23.0 50.0 21.0 
-1.0 46.0 -1.0 41.0 -1.0 -1.0 19.0 -1.0 -1.0 -1.0 41.0 
37.0 -1.0 32.0 34.0 26.0 15.0 -1.0 27.0 -1.0 14.0 14.0 
45.0 22.0 49.0 -1.0 -1.0 -1.0 14.0 10.0 -1.0 -1.0 17.0 
46.0 -1.0 37.0 -1.0 23.0 17.0 15.0 27.0 36.0 -1.0 43.0 
17.0 12.0 31.0 -1.0 21.0 29.0 50.0 -1.0 28.0 -1.0 -1.0 
23.0 -1.0 -1.0 23.0 16.0 -1.0 24.0 -1.0 -1.0 32.0 -1.0 
-1.0 16.0 -1.0 33.0 38.0 -1.0 45.0 48.0 42.0 43.0 -1.0 
-1.0 -1.0 16.0 45.0 27.0 26.0 15.0 -1.0 -1.0 16.0 28.0 
-1.0 -1.0 -1.0 -1.0 46.0 46.0 48.0 -1.0 18.0 24.0 11.0 
50.0 37.0 26.0 17.0 12.0 24.0 -1.0 42.0 -1.0 -1.0 -1.0 
34.0 -1.0 40.0 22.0 -1.0 26.0 45.0 17.0 -1.0 -1.0 10.0 
-1.0 -1.0 -1.0 42.0 -1.0 -1.0 36.0 49.0 22.0 13.0 -1.0 
-1.0 -1.0 23.0 17.0 -1.0 44.0 -1.0 -1.0 10.0 -1.0 -1.0 
38.0 50.0 -1.0 25.0 -1.0 13.0 23.0 -1.0 -1.0 14.0 35.0 
-1.0 22.0 49.0 -1.0 37.0 -1.0 32.0 39.0 20.0 31.0 28.0 
-1.0 25.0 -1.0 40.0 32.0 14.0 -1.0 27.0 -1.0 -1.0 -1.0 
37.0 42.0 -1.0 -1.0 -1.0 -1.0 43.0 -1.0 40.0 29.0 22.0 
