***n m*** 
20 10 
***h*** 
10 6 10 12 13 15 10 12 7 11 11 11 15 5 9 8 8 10 6 8 
***d*** 
1086.14 1001.23 481.31 494.56 862.18 757.67 119.65 123.17 679.2 1074.71 871.89 870.35 127.44 646.51 732.64 702.02 798.5 727.52 648.92 1029.44 
***M*** 
4 7 1 10 
7 9 8 1 10 
8 10 4 7 2 6 
6 7 9 4 2 10 8 
2 8 10 9 
9 8 5 3 7 1 
1 10 4 6 5 9 
10 4 7 2 
10 2 9 8 3 7 1 5 
5 8 9 6 2 
3 6 7 1 
5 9 6 3 
5 6 9 2 4 8 
10 2 6 4 5 9 
3 6 9 4 2 1 
6 10 1 2 
5 1 8 9 6 2 
2 5 3 10 
5 9 8 2 7 6 
1 5 8 3 7 4 
2 1 8 9 6 
7 6 4 10 3 5 1 
6 10 5 1 
7 2 3 1 6 5 4 
10 5 7 9 1 6 
2 1 5 7 10 3 6 4 
10 4 2 5 9 3 
3 2 8 1 6 
10 2 3 7 5 
2 7 9 8 1 6 
1 5 2 9 
8 10 2 5 3 9 7 
6 9 3 5 
10 1 5 4 
9 5 4 6 
4 9 10 7 3 
8 4 7 10 3 
5 6 9 7 3 10 8 1 
6 4 9 5 
9 1 3 8 5 2 10 
3 6 10 9 2 4 8 1 
7 1 9 3 4 6 
8 4 9 3 5 1 
1 8 7 10 5 2 6 4 
10 6 1 9 5 3 8 7 
7 9 4 1 
9 5 2 3 7 6 1 
1 6 8 10 9 3 5 
3 4 6 1 5 9 7 
6 1 9 8 5 10 7 4 
5 4 10 2 7 
1 3 6 8 5 9 2 
8 1 9 7 10 5 4 
8 4 5 3 1 
6 4 10 2 7 1 3 
4 5 7 2 3 
6 3 5 7 8 4 2 
8 10 2 6 1 7 4 
4 7 6 1 2 10 3 9 
5 10 9 3 
9 2 1 10 5 7 3 
1 10 3 9 4 5 
1 6 3 10 9 2 
5 3 8 10 1 7 2 6 
10 8 9 3 
2 1 9 8 3 5 7 6 
4 2 6 5 8 
1 9 3 2 5 10 6 
9 3 2 6 10 8 5 4 
1 3 10 9 
4 9 5 10 7 
2 3 6 9 10 5 
10 4 7 5 
2 10 4 5 8 9 
8 6 4 9 7 1 10 5 
7 10 4 5 1 6 
8 9 5 4 2 7 
5 9 7 4 2 6 
2 6 7 8 3 
6 4 2 8 3 5 7 
2 6 9 10 3 4 
10 5 2 4 3 6 9 
6 1 5 8 7 10 2 3 
5 8 4 7 9 
7 8 4 2 9 5 
5 1 7 8 
2 9 3 1 6 
7 9 10 4 2 1 8 
4 8 5 9 1 
3 10 6 1 4 2 9 8 
4 7 10 1 9 8 5 3 
8 1 3 10 9 4 5 6 
8 7 9 1 4 
1 8 4 9 7 5 2 3 
6 1 4 8 5 10 3 7 
8 7 9 4 
10 2 9 8 
8 2 4 7 1 10 
6 8 1 9 
8 2 7 1 3 6 4 5 
3 8 10 2 5 
2 4 1 9 7 
6 5 8 9 4 2 
2 5 9 4 1 8 
10 4 3 1 8 9 7 
7 10 5 8 4 9 3 
4 2 8 1 7 3 
2 1 3 5 
4 1 5 3 7 8 2 
6 4 2 5 
4 9 6 5 
1 5 9 3 2 
6 7 2 4 1 
10 8 5 9 6 2 3 
9 2 7 6 
6 5 1 8 9 4 2 10 
1 8 2 10 7 
7 5 2 8 3 4 10 
8 10 4 2 5 6 7 
8 10 3 2 6 
4 3 5 9 6 
8 1 2 5 7 10 
10 7 6 4 9 1 8 
2 9 5 6 1 8 10 3 
10 9 8 7 5 4 1 
5 4 6 3 
8 2 5 3 1 
5 4 9 3 1 8 2 6 
4 3 5 9 10 2 8 
4 5 8 6 7 9 
7 5 8 3 
9 10 2 1 5 4 
3 1 7 5 9 
3 2 5 10 7 
7 2 8 1 
4 6 7 9 
10 4 8 1 7 5 9 
8 9 6 2 5 3 10 
8 1 6 2 
10 5 6 1 4 2 9 3 
4 5 10 2 7 
2 5 9 8 6 3 7 
3 7 1 9 
7 5 8 10 1 3 9 
1 2 6 7 8 
10 5 2 8 6 7 4 1 
10 6 8 2 7 4 3 5 
8 1 7 5 
9 4 10 6 1 8 2 7 
9 1 6 3 7 
8 2 9 7 1 6 4 
2 7 3 4 8 9 10 
10 6 4 7 3 8 
2 7 4 5 3 1 10 
8 1 4 10 9 6 7 
5 10 6 8 2 4 9 7 
4 5 6 3 8 
1 3 5 9 6 8 
9 3 7 10 4 1 6 2 
4 6 5 1 9 
8 2 7 6 9 
6 7 9 2 5 1 3 8 
4 5 1 8 
7 2 6 3 9 
2 7 9 4 6 1 
4 9 6 7 8 
8 2 1 3 7 9 6 4 
2 3 5 1 7 4 6 
3 5 4 10 6 1 9 
5 9 10 1 4 8 6 2 
2 8 5 10 7 1 6 4 
2 6 9 4 
6 10 8 1 3 9 5 4 
1 5 6 10 3 9 
8 10 3 9 
1 8 9 2 6 4 
5 10 4 3 7 6 8 9 
4 7 6 2 1 
3 6 10 1 9 
7 4 1 8 2 6 
4 9 10 5 1 7 8 
2 8 5 9 
3 7 2 5 4 9 1 
1 4 5 2 
9 3 2 1 
7 4 2 1 10 6 3 5 
5 2 7 8 6 4 1 
4 3 1 10 6 
10 5 3 6 7 1 8 
2 5 10 7 1 9 
3 7 5 1 4 2 9 6 
2 9 4 8 7 3 1 6 
10 9 7 2 6 1 
1 9 3 6 10 
1 2 7 9 8 5 10 
8 6 9 4 5 1 7 
3 7 4 1 5 6 
***P*** 
27.0 -1.0 -1.0 33.0 -1.0 -1.0 50.0 -1.0 -1.0 17.0 
38.0 -1.0 -1.0 -1.0 -1.0 -1.0 36.0 45.0 30.0 24.0 
-1.0 50.0 -1.0 33.0 -1.0 43.0 40.0 20.0 -1.0 20.0 
-1.0 26.0 -1.0 49.0 -1.0 25.0 35.0 42.0 38.0 34.0 
-1.0 39.0 -1.0 -1.0 -1.0 -1.0 -1.0 15.0 29.0 25.0 
26.0 -1.0 28.0 -1.0 45.0 -1.0 24.0 15.0 18.0 -1.0 
27.0 -1.0 -1.0 43.0 35.0 27.0 -1.0 -1.0 30.0 37.0 
-1.0 40.0 -1.0 49.0 -1.0 -1.0 37.0 -1.0 -1.0 29.0 
41.0 36.0 19.0 -1.0 44.0 -1.0 17.0 19.0 32.0 43.0 
-1.0 10.0 -1.0 -1.0 20.0 19.0 -1.0 20.0 24.0 -1.0 
44.0 -1.0 47.0 -1.0 -1.0 37.0 25.0 -1.0 -1.0 -1.0 
-1.0 -1.0 37.0 -1.0 10.0 48.0 -1.0 -1.0 22.0 -1.0 
-1.0 11.0 -1.0 47.0 45.0 24.0 -1.0 47.0 32.0 -1.0 
-1.0 40.0 -1.0 45.0 44.0 21.0 -1.0 -1.0 23.0 46.0 
21.0 50.0 26.0 23.0 -1.0 20.0 -1.0 -1.0 26.0 -1.0 
33.0 20.0 -1.0 -1.0 -1.0 40.0 -1.0 -1.0 -1.0 45.0 
26.0 47.0 -1.0 -1.0 35.0 49.0 -1.0 29.0 20.0 -1.0 
-1.0 26.0 13.0 -1.0 19.0 -1.0 -1.0 -1.0 -1.0 43.0 
-1.0 11.0 -1.0 -1.0 49.0 10.0 40.0 46.0 45.0 -1.0 
31.0 -1.0 46.0 27.0 32.0 -1.0 10.0 39.0 -1.0 -1.0 
16.0 45.0 -1.0 -1.0 -1.0 12.0 -1.0 10.0 41.0 -1.0 
48.0 -1.0 15.0 21.0 25.0 10.0 35.0 -1.0 -1.0 38.0 
23.0 -1.0 -1.0 -1.0 13.0 26.0 -1.0 -1.0 -1.0 34.0 
16.0 38.0 36.0 46.0 14.0 50.0 20.0 -1.0 -1.0 -1.0 
32.0 -1.0 -1.0 -1.0 48.0 46.0 30.0 -1.0 30.0 48.0 
23.0 25.0 19.0 45.0 11.0 45.0 17.0 -1.0 -1.0 17.0 
-1.0 28.0 31.0 28.0 12.0 -1.0 -1.0 -1.0 34.0 12.0 
36.0 34.0 43.0 -1.0 -1.0 14.0 -1.0 38.0 -1.0 -1.0 
-1.0 10.0 39.0 -1.0 29.0 -1.0 40.0 -1.0 -1.0 27.0 
44.0 20.0 -1.0 -1.0 -1.0 34.0 18.0 46.0 18.0 -1.0 
32.0 46.0 -1.0 -1.0 49.0 -1.0 -1.0 -1.0 25.0 -1.0 
-1.0 38.0 28.0 -1.0 28.0 -1.0 21.0 30.0 22.0 37.0 
-1.0 -1.0 17.0 -1.0 35.0 10.0 -1.0 -1.0 16.0 -1.0 
16.0 -1.0 -1.0 21.0 33.0 -1.0 -1.0 -1.0 -1.0 17.0 
-1.0 -1.0 -1.0 34.0 50.0 37.0 -1.0 -1.0 19.0 -1.0 
-1.0 -1.0 27.0 26.0 -1.0 -1.0 13.0 -1.0 50.0 22.0 
-1.0 -1.0 44.0 50.0 -1.0 -1.0 48.0 37.0 -1.0 26.0 
20.0 -1.0 48.0 -1.0 49.0 16.0 16.0 41.0 30.0 49.0 
-1.0 -1.0 -1.0 49.0 10.0 28.0 -1.0 -1.0 32.0 -1.0 
17.0 40.0 48.0 -1.0 31.0 -1.0 -1.0 34.0 19.0 30.0 
23.0 13.0 41.0 20.0 -1.0 14.0 -1.0 41.0 10.0 45.0 
48.0 -1.0 40.0 43.0 -1.0 33.0 19.0 -1.0 36.0 -1.0 
47.0 -1.0 40.0 41.0 25.0 -1.0 -1.0 36.0 12.0 -1.0 
16.0 31.0 -1.0 31.0 16.0 24.0 10.0 47.0 -1.0 45.0 
45.0 -1.0 16.0 -1.0 45.0 23.0 29.0 28.0 24.0 42.0 
36.0 -1.0 -1.0 36.0 -1.0 -1.0 27.0 -1.0 38.0 -1.0 
35.0 47.0 15.0 -1.0 24.0 38.0 21.0 -1.0 41.0 -1.0 
45.0 -1.0 50.0 -1.0 19.0 47.0 -1.0 41.0 11.0 29.0 
37.0 -1.0 46.0 19.0 45.0 18.0 40.0 -1.0 23.0 -1.0 
19.0 -1.0 -1.0 43.0 27.0 48.0 27.0 45.0 43.0 23.0 
-1.0 42.0 -1.0 23.0 10.0 -1.0 47.0 -1.0 -1.0 32.0 
45.0 25.0 16.0 -1.0 27.0 38.0 -1.0 27.0 47.0 -1.0 
45.0 -1.0 -1.0 10.0 36.0 -1.0 31.0 41.0 16.0 31.0 
50.0 -1.0 26.0 30.0 40.0 -1.0 -1.0 44.0 -1.0 -1.0 
23.0 36.0 11.0 42.0 -1.0 18.0 32.0 -1.0 -1.0 20.0 
-1.0 33.0 15.0 35.0 34.0 -1.0 28.0 -1.0 -1.0 -1.0 
-1.0 32.0 50.0 32.0 49.0 15.0 39.0 36.0 -1.0 -1.0 
26.0 25.0 -1.0 38.0 -1.0 46.0 46.0 37.0 -1.0 14.0 
25.0 43.0 49.0 24.0 -1.0 30.0 13.0 -1.0 33.0 26.0 
-1.0 -1.0 48.0 -1.0 17.0 -1.0 -1.0 -1.0 48.0 14.0 
23.0 46.0 33.0 -1.0 42.0 -1.0 41.0 -1.0 33.0 35.0 
44.0 -1.0 38.0 34.0 49.0 -1.0 -1.0 -1.0 47.0 18.0 
19.0 38.0 17.0 -1.0 -1.0 24.0 -1.0 -1.0 27.0 31.0 
39.0 42.0 41.0 -1.0 50.0 40.0 40.0 30.0 -1.0 30.0 
-1.0 -1.0 40.0 -1.0 -1.0 -1.0 -1.0 31.0 50.0 19.0 
40.0 24.0 45.0 -1.0 11.0 12.0 50.0 30.0 33.0 -1.0 
-1.0 19.0 -1.0 34.0 45.0 41.0 -1.0 10.0 -1.0 -1.0 
14.0 33.0 39.0 -1.0 37.0 23.0 -1.0 -1.0 23.0 16.0 
-1.0 34.0 29.0 10.0 38.0 25.0 -1.0 23.0 21.0 36.0 
12.0 -1.0 41.0 -1.0 -1.0 -1.0 -1.0 -1.0 18.0 38.0 
-1.0 -1.0 -1.0 34.0 45.0 -1.0 28.0 -1.0 17.0 12.0 
-1.0 42.0 10.0 -1.0 16.0 39.0 -1.0 -1.0 23.0 50.0 
-1.0 -1.0 -1.0 17.0 38.0 -1.0 36.0 -1.0 -1.0 29.0 
-1.0 27.0 -1.0 24.0 41.0 -1.0 -1.0 43.0 36.0 47.0 
16.0 -1.0 -1.0 19.0 16.0 20.0 32.0 48.0 34.0 15.0 
21.0 -1.0 -1.0 18.0 12.0 19.0 41.0 -1.0 -1.0 12.0 
-1.0 21.0 -1.0 35.0 12.0 -1.0 24.0 20.0 21.0 -1.0 
-1.0 41.0 -1.0 10.0 17.0 22.0 36.0 -1.0 36.0 -1.0 
-1.0 46.0 30.0 -1.0 -1.0 18.0 23.0 39.0 -1.0 -1.0 
-1.0 30.0 31.0 18.0 28.0 44.0 25.0 31.0 -1.0 -1.0 
-1.0 28.0 12.0 40.0 -1.0 20.0 -1.0 -1.0 26.0 31.0 
-1.0 21.0 24.0 41.0 22.0 20.0 -1.0 -1.0 39.0 13.0 
11.0 48.0 13.0 -1.0 13.0 42.0 36.0 31.0 -1.0 21.0 
-1.0 -1.0 -1.0 40.0 50.0 -1.0 30.0 12.0 38.0 -1.0 
-1.0 14.0 -1.0 19.0 10.0 -1.0 47.0 43.0 33.0 -1.0 
50.0 -1.0 -1.0 -1.0 22.0 -1.0 18.0 28.0 -1.0 -1.0 
31.0 37.0 33.0 -1.0 -1.0 11.0 -1.0 -1.0 40.0 -1.0 
37.0 50.0 -1.0 44.0 -1.0 -1.0 26.0 35.0 30.0 13.0 
25.0 -1.0 -1.0 46.0 31.0 -1.0 -1.0 10.0 44.0 -1.0 
37.0 47.0 10.0 17.0 -1.0 48.0 -1.0 47.0 13.0 17.0 
44.0 -1.0 12.0 38.0 32.0 -1.0 32.0 40.0 13.0 43.0 
41.0 -1.0 36.0 14.0 12.0 36.0 -1.0 19.0 36.0 40.0 
35.0 -1.0 -1.0 22.0 -1.0 -1.0 31.0 22.0 37.0 -1.0 
46.0 26.0 49.0 46.0 22.0 -1.0 47.0 20.0 38.0 -1.0 
43.0 -1.0 43.0 37.0 41.0 39.0 31.0 35.0 -1.0 38.0 
-1.0 -1.0 -1.0 22.0 -1.0 -1.0 19.0 49.0 46.0 -1.0 
-1.0 49.0 -1.0 -1.0 -1.0 -1.0 -1.0 34.0 10.0 39.0 
48.0 25.0 -1.0 48.0 -1.0 -1.0 40.0 37.0 -1.0 16.0 
15.0 -1.0 -1.0 -1.0 -1.0 23.0 -1.0 35.0 23.0 -1.0 
26.0 37.0 31.0 13.0 21.0 46.0 31.0 20.0 -1.0 -1.0 
-1.0 47.0 34.0 -1.0 39.0 -1.0 -1.0 23.0 -1.0 24.0 
39.0 12.0 -1.0 12.0 -1.0 -1.0 35.0 -1.0 20.0 -1.0 
-1.0 24.0 -1.0 20.0 15.0 12.0 -1.0 46.0 45.0 -1.0 
15.0 30.0 -1.0 38.0 29.0 -1.0 -1.0 27.0 39.0 -1.0 
25.0 -1.0 12.0 49.0 -1.0 -1.0 35.0 16.0 49.0 19.0 
-1.0 -1.0 17.0 38.0 47.0 -1.0 37.0 34.0 37.0 30.0 
14.0 49.0 29.0 19.0 -1.0 -1.0 42.0 40.0 -1.0 -1.0 
50.0 33.0 31.0 -1.0 28.0 -1.0 -1.0 -1.0 -1.0 -1.0 
14.0 39.0 26.0 39.0 18.0 -1.0 25.0 24.0 -1.0 -1.0 
-1.0 43.0 -1.0 25.0 33.0 42.0 -1.0 -1.0 -1.0 -1.0 
-1.0 -1.0 -1.0 37.0 21.0 30.0 -1.0 -1.0 19.0 -1.0 
42.0 35.0 20.0 -1.0 49.0 -1.0 -1.0 -1.0 35.0 -1.0 
46.0 16.0 -1.0 16.0 -1.0 17.0 10.0 -1.0 -1.0 -1.0 
-1.0 30.0 14.0 -1.0 14.0 48.0 -1.0 50.0 44.0 44.0 
-1.0 41.0 -1.0 -1.0 -1.0 49.0 12.0 -1.0 47.0 -1.0 
39.0 47.0 -1.0 23.0 41.0 48.0 -1.0 42.0 27.0 19.0 
43.0 46.0 -1.0 -1.0 -1.0 -1.0 44.0 41.0 -1.0 16.0 
-1.0 36.0 42.0 27.0 42.0 -1.0 42.0 17.0 -1.0 46.0 
-1.0 40.0 -1.0 49.0 48.0 38.0 50.0 37.0 -1.0 39.0 
-1.0 26.0 12.0 -1.0 -1.0 45.0 -1.0 36.0 -1.0 39.0 
-1.0 -1.0 17.0 49.0 43.0 39.0 -1.0 -1.0 24.0 -1.0 
11.0 35.0 -1.0 -1.0 44.0 -1.0 14.0 32.0 -1.0 28.0 
32.0 -1.0 -1.0 36.0 -1.0 16.0 46.0 43.0 14.0 39.0 
23.0 23.0 39.0 -1.0 38.0 32.0 -1.0 50.0 12.0 26.0 
14.0 -1.0 -1.0 28.0 36.0 -1.0 38.0 23.0 20.0 32.0 
-1.0 -1.0 41.0 13.0 35.0 22.0 -1.0 -1.0 -1.0 -1.0 
31.0 14.0 31.0 -1.0 11.0 -1.0 -1.0 44.0 -1.0 -1.0 
34.0 31.0 46.0 33.0 40.0 14.0 -1.0 15.0 18.0 -1.0 
-1.0 27.0 19.0 36.0 43.0 -1.0 -1.0 29.0 11.0 27.0 
-1.0 -1.0 -1.0 46.0 50.0 24.0 32.0 33.0 50.0 -1.0 
-1.0 -1.0 35.0 -1.0 37.0 -1.0 28.0 38.0 -1.0 -1.0 
44.0 32.0 -1.0 15.0 35.0 -1.0 -1.0 -1.0 15.0 18.0 
22.0 -1.0 46.0 -1.0 11.0 -1.0 40.0 -1.0 45.0 -1.0 
-1.0 22.0 50.0 -1.0 19.0 -1.0 13.0 -1.0 -1.0 20.0 
21.0 42.0 -1.0 -1.0 -1.0 -1.0 15.0 37.0 -1.0 -1.0 
-1.0 -1.0 -1.0 25.0 -1.0 21.0 13.0 -1.0 48.0 -1.0 
32.0 -1.0 -1.0 17.0 33.0 -1.0 34.0 41.0 45.0 40.0 
-1.0 29.0 15.0 -1.0 17.0 48.0 -1.0 47.0 25.0 16.0 
29.0 27.0 -1.0 -1.0 -1.0 11.0 -1.0 45.0 -1.0 -1.0 
30.0 37.0 16.0 22.0 33.0 44.0 -1.0 -1.0 49.0 23.0 
-1.0 33.0 -1.0 37.0 41.0 -1.0 50.0 -1.0 -1.0 31.0 
-1.0 19.0 17.0 -1.0 16.0 45.0 48.0 29.0 29.0 -1.0 
14.0 -1.0 47.0 -1.0 -1.0 -1.0 35.0 -1.0 27.0 -1.0 
21.0 -1.0 24.0 -1.0 29.0 -1.0 24.0 20.0 38.0 45.0 
41.0 37.0 -1.0 -1.0 -1.0 21.0 36.0 33.0 -1.0 -1.0 
12.0 19.0 -1.0 18.0 38.0 36.0 50.0 21.0 -1.0 35.0 
-1.0 45.0 26.0 43.0 19.0 30.0 47.0 44.0 -1.0 15.0 
28.0 -1.0 -1.0 -1.0 33.0 -1.0 23.0 16.0 -1.0 -1.0 
19.0 26.0 -1.0 16.0 -1.0 47.0 41.0 17.0 12.0 38.0 
39.0 -1.0 35.0 -1.0 -1.0 40.0 14.0 -1.0 48.0 -1.0 
35.0 50.0 -1.0 20.0 -1.0 25.0 11.0 37.0 24.0 -1.0 
-1.0 39.0 24.0 24.0 -1.0 -1.0 30.0 16.0 50.0 39.0 
-1.0 -1.0 27.0 37.0 -1.0 33.0 45.0 19.0 -1.0 12.0 
17.0 47.0 13.0 16.0 47.0 -1.0 30.0 -1.0 -1.0 27.0 
37.0 -1.0 -1.0 47.0 -1.0 37.0 47.0 39.0 18.0 44.0 
-1.0 12.0 -1.0 21.0 30.0 20.0 45.0 31.0 22.0 38.0 
-1.0 -1.0 41.0 25.0 36.0 28.0 -1.0 39.0 -1.0 -1.0 
38.0 -1.0 36.0 -1.0 20.0 47.0 -1.0 50.0 28.0 -1.0 
41.0 41.0 36.0 11.0 -1.0 26.0 19.0 -1.0 44.0 47.0 
18.0 -1.0 -1.0 42.0 41.0 50.0 -1.0 -1.0 48.0 -1.0 
-1.0 43.0 -1.0 -1.0 -1.0 15.0 24.0 37.0 24.0 -1.0 
40.0 17.0 12.0 -1.0 24.0 22.0 34.0 24.0 26.0 -1.0 
15.0 -1.0 -1.0 36.0 29.0 -1.0 -1.0 48.0 -1.0 -1.0 
-1.0 16.0 38.0 -1.0 -1.0 46.0 43.0 -1.0 31.0 -1.0 
33.0 36.0 -1.0 39.0 -1.0 33.0 10.0 -1.0 43.0 -1.0 
-1.0 -1.0 -1.0 26.0 -1.0 33.0 47.0 24.0 38.0 -1.0 
47.0 34.0 19.0 24.0 -1.0 38.0 16.0 15.0 21.0 -1.0 
36.0 18.0 29.0 28.0 38.0 11.0 43.0 -1.0 -1.0 -1.0 
23.0 -1.0 40.0 48.0 29.0 23.0 -1.0 -1.0 30.0 44.0 
39.0 10.0 -1.0 50.0 46.0 26.0 -1.0 24.0 21.0 29.0 
25.0 14.0 -1.0 22.0 45.0 49.0 11.0 13.0 -1.0 48.0 
-1.0 32.0 -1.0 40.0 -1.0 38.0 -1.0 -1.0 46.0 -1.0 
29.0 -1.0 46.0 47.0 49.0 31.0 -1.0 35.0 11.0 42.0 
42.0 -1.0 46.0 -1.0 43.0 13.0 -1.0 -1.0 18.0 37.0 
-1.0 -1.0 21.0 -1.0 -1.0 -1.0 -1.0 16.0 19.0 19.0 
27.0 44.0 -1.0 34.0 -1.0 39.0 -1.0 37.0 29.0 -1.0 
-1.0 -1.0 21.0 17.0 46.0 38.0 12.0 36.0 14.0 25.0 
34.0 11.0 -1.0 11.0 -1.0 39.0 31.0 -1.0 -1.0 -1.0 
28.0 -1.0 26.0 -1.0 -1.0 26.0 -1.0 -1.0 17.0 25.0 
24.0 36.0 -1.0 44.0 -1.0 33.0 10.0 46.0 -1.0 -1.0 
27.0 -1.0 -1.0 18.0 47.0 -1.0 37.0 13.0 47.0 46.0 
-1.0 14.0 -1.0 -1.0 37.0 -1.0 -1.0 42.0 32.0 -1.0 
19.0 36.0 49.0 29.0 41.0 -1.0 15.0 -1.0 48.0 -1.0 
50.0 34.0 -1.0 36.0 30.0 -1.0 -1.0 -1.0 -1.0 -1.0 
12.0 39.0 16.0 -1.0 -1.0 -1.0 -1.0 -1.0 50.0 -1.0 
19.0 29.0 34.0 48.0 29.0 32.0 40.0 -1.0 -1.0 42.0 
41.0 26.0 -1.0 27.0 24.0 15.0 17.0 14.0 -1.0 -1.0 
47.0 -1.0 12.0 16.0 -1.0 48.0 -1.0 -1.0 -1.0 36.0 
40.0 -1.0 15.0 -1.0 34.0 32.0 34.0 16.0 -1.0 33.0 
35.0 14.0 -1.0 -1.0 33.0 -1.0 27.0 -1.0 49.0 27.0 
37.0 46.0 49.0 13.0 47.0 29.0 46.0 -1.0 20.0 -1.0 
33.0 37.0 22.0 32.0 -1.0 49.0 41.0 17.0 20.0 -1.0 
40.0 18.0 -1.0 -1.0 -1.0 16.0 40.0 -1.0 49.0 11.0 
42.0 -1.0 11.0 -1.0 -1.0 47.0 -1.0 -1.0 38.0 46.0 
39.0 34.0 -1.0 -1.0 17.0 -1.0 38.0 31.0 34.0 27.0 
38.0 -1.0 -1.0 32.0 25.0 37.0 27.0 30.0 29.0 -1.0 
45.0 -1.0 38.0 45.0 34.0 40.0 35.0 -1.0 -1.0 -1.0 
