***n m*** 
10 12 
***h*** 
15 9 6 8 15 10 5 11 15 6 
***d*** 
711.58 510.33 264.77 632.9 696.24 521.91 584.6 451.48 551.81 65.41 
***M*** 
8 1 11 12 3 10 
6 9 12 4 3 10 2 
5 1 6 8 10 4 2 
8 3 10 6 4 
10 1 2 6 5 7 8 4 
8 12 11 1 9 7 10 6 
10 8 5 7 11 2 9 
5 1 3 2 9 
4 10 2 3 8 5 
1 11 5 12 
4 3 1 10 
6 1 9 11 
1 6 2 11 10 9 3 7 
2 11 7 10 
9 3 12 8 10 5 2 
12 10 8 6 9 4 5 
5 7 4 9 11 
9 6 5 10 11 4 
10 7 8 4 
11 12 3 6 9 
7 1 9 5 8 2 
6 1 5 8 4 3 7 
10 12 2 5 8 9 3 6 
4 6 7 8 
12 4 3 6 
4 3 9 1 8 
2 8 12 5 9 10 3 
2 11 1 3 12 9 5 
5 12 7 9 
12 6 9 4 10 1 5 2 
9 11 4 3 6 12 1 
1 6 10 4 7 8 12 
11 5 7 1 
6 4 8 12 9 
5 1 8 4 9 11 7 12 
9 3 7 5 8 11 6 
3 11 12 1 
1 8 7 2 
10 1 2 5 6 8 
5 1 8 7 9 
4 9 2 1 10 
3 5 7 11 9 4 
2 9 3 4 8 
1 10 6 2 9 11 
12 10 2 4 3 1 5 
9 5 3 10 7 6 1 
12 10 3 4 
2 5 8 3 7 6 4 
10 5 3 11 7 2 
12 9 3 4 
4 12 1 3 11 10 6 
7 6 9 10 
1 10 2 4 8 11 5 
9 6 3 12 
4 5 3 9 10 
7 12 2 4 
5 10 12 2 9 
9 5 3 12 1 11 8 4 
7 12 4 8 9 6 11 2 
12 10 5 4 3 11 6 
9 6 10 8 4 
2 8 11 12 7 
7 10 11 12 
9 7 10 8 3 2 4 1 
10 2 9 6 5 
3 6 9 4 5 7 1 2 
5 7 6 4 10 11 
8 2 6 12 4 7 10 
9 10 6 8 3 
11 7 12 9 1 10 
1 11 5 12 10 
10 8 11 2 1 4 7 9 
5 1 2 3 8 11 4 12 
4 7 1 10 5 
6 1 7 9 
2 7 8 6 4 11 3 
1 9 3 12 
11 6 10 9 12 3 
5 12 11 6 7 2 4 
1 3 11 12 8 
5 7 8 3 10 
8 5 10 7 3 12 
8 9 5 1 12 4 
9 4 2 10 5 1 12 
12 5 10 2 
7 12 5 10 3 8 2 9 
12 2 9 1 
8 9 4 10 
2 8 4 7 10 5 
12 10 2 8 4 9 
2 6 4 12 7 11 10 
4 10 3 9 12 1 
6 10 1 4 5 
4 1 6 10 5 8 3 12 
9 1 2 6 11 4 8 
9 6 10 5 2 8 
1 3 6 9 12 10 11 8 
2 6 3 10 
12 8 10 5 7 
12 11 8 5 1 
***P*** 
37.0 -1.0 16.0 -1.0 -1.0 -1.0 -1.0 21.0 -1.0 11.0 11.0 12.0 
-1.0 38.0 50.0 20.0 -1.0 48.0 -1.0 -1.0 41.0 43.0 -1.0 32.0 
50.0 12.0 -1.0 38.0 17.0 28.0 -1.0 48.0 -1.0 31.0 -1.0 -1.0 
-1.0 -1.0 21.0 18.0 -1.0 21.0 -1.0 44.0 -1.0 43.0 -1.0 -1.0 
50.0 29.0 -1.0 25.0 31.0 11.0 45.0 12.0 -1.0 16.0 -1.0 -1.0 
26.0 -1.0 -1.0 -1.0 -1.0 19.0 13.0 15.0 35.0 13.0 50.0 35.0 
-1.0 15.0 -1.0 -1.0 12.0 -1.0 32.0 26.0 43.0 42.0 47.0 -1.0 
13.0 39.0 27.0 -1.0 35.0 -1.0 -1.0 -1.0 25.0 -1.0 -1.0 -1.0 
-1.0 45.0 15.0 45.0 43.0 -1.0 -1.0 32.0 -1.0 29.0 -1.0 -1.0 
36.0 -1.0 -1.0 -1.0 20.0 -1.0 -1.0 -1.0 -1.0 -1.0 40.0 37.0 
49.0 -1.0 15.0 20.0 -1.0 -1.0 -1.0 -1.0 -1.0 35.0 -1.0 -1.0 
23.0 -1.0 -1.0 -1.0 -1.0 37.0 -1.0 -1.0 15.0 -1.0 24.0 -1.0 
28.0 25.0 16.0 -1.0 -1.0 25.0 44.0 -1.0 44.0 24.0 47.0 -1.0 
-1.0 18.0 -1.0 -1.0 -1.0 -1.0 16.0 -1.0 -1.0 27.0 39.0 -1.0 
-1.0 23.0 33.0 -1.0 28.0 -1.0 -1.0 21.0 41.0 42.0 -1.0 42.0 
-1.0 -1.0 -1.0 47.0 45.0 44.0 -1.0 48.0 23.0 36.0 -1.0 46.0 
-1.0 -1.0 -1.0 35.0 36.0 -1.0 16.0 -1.0 33.0 -1.0 23.0 -1.0 
-1.0 -1.0 -1.0 42.0 48.0 20.0 -1.0 -1.0 12.0 33.0 24.0 -1.0 
-1.0 -1.0 -1.0 18.0 -1.0 -1.0 26.0 43.0 -1.0 36.0 -1.0 -1.0 
-1.0 -1.0 20.0 -1.0 -1.0 42.0 -1.0 -1.0 21.0 -1.0 33.0 19.0 
22.0 18.0 -1.0 -1.0 26.0 -1.0 48.0 21.0 36.0 -1.0 -1.0 -1.0 
16.0 -1.0 47.0 37.0 13.0 30.0 43.0 49.0 -1.0 -1.0 -1.0 -1.0 
-1.0 14.0 17.0 -1.0 27.0 11.0 -1.0 17.0 10.0 25.0 -1.0 13.0 
-1.0 -1.0 -1.0 21.0 -1.0 22.0 20.0 23.0 -1.0 -1.0 -1.0 -1.0 
-1.0 -1.0 40.0 12.0 -1.0 16.0 -1.0 -1.0 -1.0 -1.0 -1.0 13.0 
28.0 -1.0 38.0 15.0 -1.0 -1.0 -1.0 20.0 36.0 -1.0 -1.0 -1.0 
-1.0 44.0 41.0 -1.0 17.0 -1.0 -1.0 30.0 30.0 18.0 -1.0 36.0 
11.0 33.0 38.0 -1.0 47.0 -1.0 -1.0 -1.0 28.0 -1.0 47.0 44.0 
-1.0 -1.0 -1.0 -1.0 16.0 -1.0 14.0 -1.0 37.0 -1.0 -1.0 23.0 
40.0 41.0 -1.0 36.0 12.0 24.0 -1.0 -1.0 41.0 45.0 -1.0 41.0 
37.0 -1.0 30.0 10.0 -1.0 26.0 -1.0 -1.0 46.0 -1.0 33.0 47.0 
29.0 -1.0 -1.0 44.0 -1.0 13.0 28.0 40.0 -1.0 46.0 -1.0 17.0 
38.0 -1.0 -1.0 -1.0 23.0 -1.0 48.0 -1.0 -1.0 -1.0 17.0 -1.0 
-1.0 -1.0 -1.0 49.0 -1.0 34.0 -1.0 35.0 44.0 -1.0 -1.0 48.0 
34.0 -1.0 -1.0 24.0 33.0 -1.0 21.0 23.0 25.0 -1.0 45.0 29.0 
-1.0 -1.0 18.0 -1.0 29.0 43.0 49.0 16.0 47.0 -1.0 34.0 -1.0 
38.0 -1.0 50.0 -1.0 -1.0 -1.0 -1.0 -1.0 -1.0 -1.0 16.0 19.0 
21.0 33.0 -1.0 -1.0 -1.0 -1.0 44.0 27.0 -1.0 -1.0 -1.0 -1.0 
13.0 49.0 -1.0 -1.0 36.0 11.0 -1.0 12.0 -1.0 41.0 -1.0 -1.0 
38.0 -1.0 -1.0 -1.0 49.0 -1.0 22.0 20.0 43.0 -1.0 -1.0 -1.0 
45.0 14.0 -1.0 34.0 -1.0 -1.0 -1.0 -1.0 17.0 36.0 -1.0 -1.0 
-1.0 -1.0 37.0 14.0 47.0 -1.0 48.0 -1.0 21.0 -1.0 33.0 -1.0 
-1.0 43.0 24.0 39.0 -1.0 -1.0 -1.0 40.0 43.0 -1.0 -1.0 -1.0 
45.0 16.0 -1.0 -1.0 -1.0 10.0 -1.0 -1.0 46.0 20.0 42.0 -1.0 
18.0 44.0 26.0 30.0 50.0 -1.0 -1.0 -1.0 -1.0 32.0 -1.0 26.0 
41.0 -1.0 10.0 -1.0 36.0 24.0 13.0 -1.0 40.0 48.0 -1.0 -1.0 
-1.0 -1.0 12.0 29.0 -1.0 -1.0 -1.0 -1.0 -1.0 40.0 -1.0 43.0 
-1.0 15.0 21.0 27.0 41.0 37.0 24.0 24.0 -1.0 -1.0 -1.0 -1.0 
-1.0 19.0 10.0 -1.0 36.0 -1.0 32.0 -1.0 -1.0 37.0 20.0 -1.0 
-1.0 -1.0 23.0 44.0 -1.0 -1.0 -1.0 -1.0 44.0 -1.0 -1.0 21.0 
18.0 -1.0 50.0 38.0 -1.0 14.0 -1.0 -1.0 -1.0 25.0 14.0 14.0 
-1.0 -1.0 -1.0 -1.0 -1.0 26.0 30.0 -1.0 33.0 32.0 -1.0 -1.0 
49.0 15.0 -1.0 38.0 13.0 -1.0 -1.0 47.0 -1.0 38.0 20.0 -1.0 
-1.0 -1.0 18.0 -1.0 -1.0 40.0 -1.0 -1.0 28.0 -1.0 -1.0 14.0 
-1.0 -1.0 49.0 13.0 12.0 -1.0 -1.0 -1.0 40.0 24.0 -1.0 -1.0 
-1.0 49.0 -1.0 35.0 -1.0 -1.0 44.0 -1.0 -1.0 -1.0 -1.0 25.0 
-1.0 22.0 -1.0 -1.0 27.0 -1.0 -1.0 -1.0 15.0 21.0 -1.0 28.0 
42.0 -1.0 18.0 25.0 31.0 -1.0 -1.0 45.0 17.0 -1.0 31.0 35.0 
-1.0 34.0 -1.0 26.0 -1.0 14.0 29.0 44.0 41.0 -1.0 13.0 45.0 
-1.0 -1.0 10.0 12.0 12.0 44.0 -1.0 -1.0 -1.0 41.0 42.0 19.0 
-1.0 -1.0 -1.0 16.0 -1.0 48.0 -1.0 39.0 35.0 12.0 -1.0 -1.0 
-1.0 50.0 -1.0 -1.0 -1.0 -1.0 12.0 49.0 -1.0 -1.0 29.0 22.0 
-1.0 -1.0 -1.0 -1.0 -1.0 -1.0 36.0 -1.0 -1.0 45.0 30.0 46.0 
26.0 48.0 10.0 27.0 -1.0 -1.0 19.0 33.0 30.0 44.0 -1.0 -1.0 
-1.0 46.0 -1.0 -1.0 13.0 19.0 -1.0 -1.0 15.0 50.0 -1.0 -1.0 
41.0 31.0 24.0 18.0 26.0 46.0 45.0 -1.0 30.0 -1.0 -1.0 -1.0 
-1.0 -1.0 -1.0 48.0 37.0 24.0 33.0 -1.0 -1.0 47.0 49.0 -1.0 
-1.0 40.0 -1.0 43.0 -1.0 11.0 30.0 15.0 -1.0 45.0 -1.0 35.0 
-1.0 -1.0 27.0 -1.0 -1.0 26.0 -1.0 44.0 42.0 12.0 -1.0 -1.0 
50.0 -1.0 -1.0 -1.0 -1.0 -1.0 18.0 -1.0 43.0 20.0 37.0 12.0 
31.0 -1.0 -1.0 -1.0 43.0 -1.0 -1.0 -1.0 -1.0 16.0 24.0 45.0 
32.0 49.0 -1.0 38.0 -1.0 -1.0 20.0 22.0 18.0 24.0 45.0 -1.0 
15.0 10.0 45.0 29.0 49.0 -1.0 -1.0 13.0 -1.0 -1.0 44.0 35.0 
37.0 -1.0 -1.0 44.0 16.0 -1.0 36.0 -1.0 -1.0 28.0 -1.0 -1.0 
16.0 -1.0 -1.0 -1.0 -1.0 30.0 31.0 -1.0 20.0 -1.0 -1.0 -1.0 
-1.0 48.0 40.0 11.0 -1.0 23.0 35.0 46.0 -1.0 -1.0 17.0 -1.0 
40.0 -1.0 30.0 -1.0 -1.0 -1.0 -1.0 -1.0 38.0 -1.0 -1.0 33.0 
-1.0 -1.0 22.0 -1.0 -1.0 41.0 -1.0 -1.0 29.0 30.0 44.0 38.0 
-1.0 39.0 -1.0 28.0 34.0 21.0 34.0 -1.0 -1.0 -1.0 24.0 30.0 
46.0 -1.0 47.0 -1.0 -1.0 -1.0 -1.0 30.0 -1.0 -1.0 43.0 23.0 
-1.0 -1.0 32.0 -1.0 28.0 -1.0 39.0 13.0 -1.0 25.0 -1.0 -1.0 
-1.0 -1.0 27.0 -1.0 43.0 -1.0 33.0 48.0 -1.0 50.0 -1.0 39.0 
22.0 -1.0 -1.0 41.0 48.0 -1.0 -1.0 20.0 39.0 -1.0 -1.0 17.0 
49.0 24.0 -1.0 41.0 46.0 -1.0 -1.0 -1.0 29.0 29.0 -1.0 46.0 
-1.0 27.0 -1.0 -1.0 32.0 -1.0 -1.0 -1.0 -1.0 24.0 -1.0 13.0 
-1.0 46.0 12.0 -1.0 11.0 -1.0 15.0 42.0 28.0 21.0 -1.0 49.0 
10.0 16.0 -1.0 -1.0 -1.0 -1.0 -1.0 -1.0 47.0 -1.0 -1.0 16.0 
-1.0 -1.0 -1.0 41.0 -1.0 -1.0 -1.0 11.0 14.0 26.0 -1.0 -1.0 
-1.0 14.0 -1.0 16.0 22.0 -1.0 36.0 17.0 -1.0 11.0 -1.0 -1.0 
-1.0 44.0 -1.0 38.0 -1.0 -1.0 -1.0 43.0 20.0 49.0 -1.0 40.0 
-1.0 23.0 -1.0 49.0 -1.0 29.0 28.0 -1.0 -1.0 27.0 22.0 42.0 
41.0 -1.0 42.0 38.0 -1.0 -1.0 -1.0 -1.0 43.0 28.0 -1.0 33.0 
45.0 -1.0 -1.0 28.0 15.0 33.0 -1.0 -1.0 -1.0 40.0 -1.0 -1.0 
20.0 -1.0 35.0 11.0 44.0 50.0 -1.0 37.0 -1.0 14.0 -1.0 44.0 
49.0 38.0 -1.0 13.0 -1.0 48.0 -1.0 49.0 31.0 -1.0 12.0 -1.0 
-1.0 22.0 -1.0 -1.0 34.0 39.0 -1.0 20.0 44.0 38.0 -1.0 -1.0 
33.0 -1.0 28.0 -1.0 -1.0 13.0 -1.0 48.0 32.0 16.0 39.0 48.0 
-1.0 34.0 23.0 -1.0 -1.0 15.0 -1.0 -1.0 -1.0 26.0 -1.0 -1.0 
-1.0 -1.0 -1.0 -1.0 25.0 -1.0 16.0 22.0 -1.0 44.0 -1.0 32.0 
32.0 -1.0 -1.0 -1.0 47.0 -1.0 -1.0 21.0 -1.0 -1.0 49.0 31.0 
