***n m*** 
20 10 
***h*** 
7 8 10 7 7 13 9 15 13 9 10 7 6 9 6 14 8 9 12 5 
***d*** 
416.99 427.64 659.89 417.78 950.13 791.83 964.08 451.86 446.43 966.87 652.12 104.78 636.76 108.81 728.71 1031.2 738.46 774.07 451.94 674.1 
***M*** 
2 10 1 8 7 6 9 3 
1 5 3 10 4 2 9 7 
5 7 8 2 4 3 
1 6 4 2 8 5 7 9 
3 8 4 9 
7 1 5 9 4 3 2 10 
1 2 7 9 5 10 
5 8 9 2 3 1 
7 5 10 1 9 3 6 
2 10 8 5 6 1 7 
1 9 6 2 3 7 5 
10 6 3 1 2 
6 3 9 5 1 8 10 7 
7 9 4 5 8 3 1 
10 7 1 3 2 4 5 9 
4 2 8 7 
1 4 6 5 9 2 10 
3 6 9 10 2 1 8 4 
10 2 3 9 
8 10 9 1 4 2 
2 7 9 1 
10 6 2 3 
4 10 2 7 1 9 6 5 
3 4 7 5 2 9 
7 5 1 9 10 6 
2 4 6 1 7 
4 8 1 5 9 2 3 
9 6 4 10 1 
4 10 3 1 
6 9 10 2 4 1 5 8 
5 9 1 4 2 3 7 6 
2 6 9 4 1 
1 9 4 7 3 6 5 8 
6 9 3 7 8 10 4 
10 4 7 1 6 2 
5 8 9 2 10 6 
1 6 7 4 10 3 2 9 
9 6 5 3 10 2 4 1 
4 10 1 9 2 
4 1 9 2 10 8 
5 4 7 2 1 8 9 
4 8 6 3 2 
2 1 9 3 10 8 7 4 
1 6 2 5 9 
1 5 6 10 7 8 3 
2 6 8 4 3 
10 2 5 9 7 
4 1 9 2 3 
5 10 7 9 3 
10 5 9 7 4 1 6 2 
1 2 6 7 3 5 
2 6 5 4 7 
1 8 2 4 7 
8 10 4 6 2 3 9 1 
5 3 6 2 8 
10 9 2 7 8 4 
9 10 2 5 7 6 
5 6 9 2 1 10 
4 7 3 2 8 10 
7 3 2 10 8 6 1 
10 6 7 9 5 2 
7 3 4 6 9 1 10 5 
1 4 5 2 3 10 8 
10 3 5 1 9 8 4 2 
4 8 9 10 5 6 
6 10 3 7 9 1 4 
10 9 3 6 
9 2 4 5 
1 3 7 6 10 8 
3 7 10 4 9 8 
4 8 3 5 9 1 
3 7 5 2 4 
2 8 6 10 9 
4 8 2 5 9 1 3 
7 8 2 3 
4 8 5 1 2 3 6 7 
1 2 5 8 6 9 
4 10 8 9 
6 7 10 4 8 5 
10 7 3 2 6 8 
6 2 9 4 
3 4 10 1 6 
10 5 9 2 8 4 1 
3 8 1 2 7 10 9 
10 4 8 1 
5 6 1 7 10 
8 10 4 5 3 1 
7 8 4 2 1 
7 10 1 6 4 3 8 2 
1 8 6 4 
10 2 7 6 
3 8 4 7 2 1 
10 3 6 5 2 4 9 1 
3 4 10 8 2 9 7 6 
7 5 2 10 6 
1 10 7 8 
2 1 3 8 6 9 
10 2 5 4 6 3 
5 6 4 7 9 2 3 8 
1 4 3 8 7 
1 4 9 10 5 8 
1 7 8 5 4 6 
3 5 2 10 8 1 
9 7 2 6 3 8 10 4 
2 7 8 4 10 
5 8 7 4 
7 2 3 6 8 5 
3 1 9 10 2 
8 9 2 1 10 6 4 3 
2 9 3 6 5 1 7 10 
10 7 6 4 8 2 9 1 
4 10 2 6 1 5 
1 4 3 6 9 
1 7 6 9 2 8 
8 1 7 9 
7 8 2 9 
10 8 5 4 2 7 6 9 
9 1 10 5 3 2 4 8 
4 5 8 2 1 7 
4 10 5 9 1 7 
6 7 1 10 8 
9 7 2 5 
2 7 8 9 4 1 6 
4 1 6 2 10 7 
7 4 6 9 2 1 
6 5 10 4 3 2 9 
3 1 4 5 2 9 7 8 
2 10 3 6 1 5 9 
8 2 7 6 9 4 
1 10 6 4 
3 7 10 5 
1 7 8 4 10 3 5 2 
10 2 3 7 1 5 6 8 
4 6 7 2 8 3 1 10 
5 3 8 1 6 
6 2 4 1 9 8 5 
6 4 5 3 
7 10 5 1 4 
7 6 10 9 4 8 
10 2 8 1 3 7 4 5 
4 1 10 6 
2 9 5 3 4 10 6 
5 4 9 7 10 6 
6 4 8 5 9 
1 6 10 2 
7 1 5 6 10 2 3 
5 3 9 1 
10 1 4 5 8 9 6 
9 10 3 4 7 8 6 2 
4 9 10 5 1 2 
1 5 4 2 9 3 10 
2 6 1 9 
8 3 4 2 6 9 10 
1 10 4 2 6 
7 8 1 3 10 9 
1 10 8 4 9 5 
1 4 9 5 10 2 3 8 
10 9 3 8 
5 2 9 6 1 4 3 10 
6 7 10 1 8 3 5 
4 5 1 6 9 3 2 
10 5 6 9 
9 8 6 1 7 4 
5 6 10 1 
8 10 4 5 6 1 
2 6 3 9 10 8 
7 3 1 9 
9 10 2 4 
10 5 4 8 6 
8 5 9 3 2 
7 8 9 2 6 4 10 3 
2 5 9 3 
1 5 8 10 7 
9 6 2 1 3 
8 1 9 5 2 4 6 
3 9 10 4 
8 2 5 1 7 3 10 4 
2 5 7 4 8 
2 3 10 8 7 5 1 
7 6 9 3 10 4 
1 7 10 2 3 8 6 9 
9 7 8 1 2 3 
4 2 3 10 6 1 
7 10 6 3 4 
***P*** 
49.0 13.0 43.0 -1.0 -1.0 48.0 40.0 22.0 37.0 33.0 
10.0 33.0 35.0 13.0 30.0 -1.0 24.0 -1.0 43.0 43.0 
-1.0 32.0 15.0 40.0 43.0 -1.0 21.0 43.0 -1.0 -1.0 
27.0 19.0 -1.0 37.0 41.0 21.0 30.0 43.0 20.0 -1.0 
-1.0 -1.0 13.0 38.0 -1.0 -1.0 -1.0 18.0 18.0 -1.0 
40.0 14.0 22.0 34.0 16.0 -1.0 17.0 -1.0 13.0 20.0 
47.0 16.0 -1.0 -1.0 40.0 -1.0 44.0 -1.0 45.0 24.0 
19.0 11.0 27.0 -1.0 28.0 -1.0 -1.0 35.0 46.0 -1.0 
19.0 -1.0 17.0 -1.0 17.0 13.0 22.0 -1.0 39.0 22.0 
23.0 17.0 -1.0 -1.0 14.0 19.0 23.0 19.0 -1.0 31.0 
18.0 43.0 46.0 -1.0 33.0 38.0 10.0 -1.0 13.0 -1.0 
36.0 11.0 27.0 -1.0 -1.0 39.0 -1.0 -1.0 -1.0 48.0 
30.0 -1.0 39.0 -1.0 49.0 49.0 44.0 37.0 46.0 22.0 
50.0 -1.0 50.0 39.0 34.0 -1.0 22.0 50.0 47.0 -1.0 
13.0 16.0 49.0 26.0 28.0 -1.0 39.0 -1.0 29.0 48.0 
-1.0 31.0 -1.0 23.0 -1.0 -1.0 36.0 13.0 -1.0 -1.0 
14.0 18.0 -1.0 37.0 22.0 41.0 -1.0 -1.0 18.0 15.0 
43.0 11.0 33.0 32.0 -1.0 10.0 -1.0 48.0 28.0 45.0 
-1.0 31.0 42.0 -1.0 -1.0 -1.0 -1.0 -1.0 50.0 26.0 
50.0 35.0 -1.0 14.0 -1.0 -1.0 -1.0 32.0 46.0 45.0 
15.0 45.0 -1.0 -1.0 -1.0 -1.0 15.0 -1.0 47.0 -1.0 
-1.0 36.0 30.0 -1.0 -1.0 27.0 -1.0 -1.0 -1.0 35.0 
21.0 20.0 -1.0 15.0 12.0 36.0 49.0 -1.0 15.0 46.0 
-1.0 46.0 43.0 31.0 26.0 -1.0 38.0 -1.0 30.0 -1.0 
41.0 -1.0 -1.0 -1.0 10.0 37.0 20.0 -1.0 41.0 47.0 
37.0 49.0 -1.0 15.0 -1.0 25.0 24.0 -1.0 -1.0 -1.0 
13.0 38.0 26.0 39.0 25.0 -1.0 -1.0 31.0 17.0 -1.0 
49.0 -1.0 -1.0 47.0 -1.0 48.0 -1.0 -1.0 14.0 49.0 
30.0 -1.0 24.0 43.0 -1.0 -1.0 -1.0 -1.0 -1.0 21.0 
10.0 19.0 -1.0 34.0 45.0 42.0 -1.0 31.0 16.0 17.0 
39.0 50.0 15.0 38.0 48.0 23.0 15.0 -1.0 17.0 -1.0 
49.0 39.0 -1.0 40.0 -1.0 32.0 -1.0 -1.0 28.0 -1.0 
28.0 -1.0 26.0 16.0 30.0 26.0 37.0 30.0 37.0 -1.0 
-1.0 -1.0 42.0 31.0 -1.0 28.0 46.0 32.0 23.0 30.0 
34.0 37.0 -1.0 42.0 -1.0 19.0 12.0 -1.0 -1.0 40.0 
-1.0 26.0 -1.0 -1.0 25.0 41.0 -1.0 16.0 36.0 45.0 
44.0 18.0 35.0 28.0 -1.0 20.0 17.0 -1.0 25.0 40.0 
49.0 34.0 22.0 19.0 30.0 33.0 -1.0 -1.0 28.0 10.0 
13.0 12.0 -1.0 25.0 -1.0 -1.0 -1.0 -1.0 22.0 18.0 
47.0 21.0 -1.0 11.0 -1.0 -1.0 -1.0 12.0 46.0 14.0 
44.0 32.0 -1.0 19.0 39.0 -1.0 15.0 34.0 36.0 -1.0 
-1.0 45.0 40.0 46.0 -1.0 49.0 -1.0 29.0 -1.0 -1.0 
11.0 13.0 31.0 32.0 -1.0 -1.0 46.0 28.0 15.0 11.0 
35.0 10.0 -1.0 -1.0 10.0 11.0 -1.0 -1.0 19.0 -1.0 
44.0 -1.0 27.0 -1.0 10.0 21.0 46.0 36.0 -1.0 41.0 
-1.0 41.0 13.0 30.0 -1.0 15.0 -1.0 15.0 -1.0 -1.0 
-1.0 31.0 -1.0 -1.0 16.0 -1.0 46.0 -1.0 30.0 37.0 
41.0 45.0 48.0 29.0 -1.0 -1.0 -1.0 -1.0 19.0 -1.0 
-1.0 -1.0 48.0 -1.0 30.0 -1.0 23.0 -1.0 44.0 11.0 
40.0 28.0 -1.0 31.0 46.0 15.0 21.0 -1.0 10.0 28.0 
47.0 16.0 43.0 -1.0 19.0 41.0 35.0 -1.0 -1.0 -1.0 
-1.0 13.0 -1.0 27.0 28.0 43.0 36.0 -1.0 -1.0 -1.0 
17.0 29.0 -1.0 48.0 -1.0 -1.0 26.0 31.0 -1.0 -1.0 
25.0 19.0 40.0 20.0 -1.0 50.0 -1.0 15.0 47.0 32.0 
-1.0 15.0 21.0 -1.0 50.0 50.0 -1.0 43.0 -1.0 -1.0 
-1.0 15.0 -1.0 50.0 -1.0 -1.0 41.0 50.0 27.0 42.0 
-1.0 46.0 -1.0 -1.0 29.0 42.0 31.0 -1.0 29.0 16.0 
34.0 41.0 -1.0 -1.0 42.0 25.0 -1.0 -1.0 37.0 38.0 
-1.0 31.0 17.0 47.0 -1.0 -1.0 18.0 40.0 -1.0 32.0 
15.0 24.0 11.0 -1.0 -1.0 50.0 20.0 23.0 -1.0 48.0 
-1.0 31.0 -1.0 -1.0 19.0 13.0 37.0 -1.0 23.0 10.0 
27.0 -1.0 25.0 17.0 17.0 36.0 15.0 -1.0 46.0 23.0 
33.0 43.0 32.0 27.0 41.0 -1.0 -1.0 18.0 -1.0 28.0 
28.0 17.0 46.0 48.0 24.0 -1.0 -1.0 35.0 13.0 45.0 
-1.0 -1.0 -1.0 33.0 47.0 25.0 -1.0 28.0 31.0 46.0 
33.0 -1.0 10.0 43.0 -1.0 33.0 48.0 -1.0 31.0 49.0 
-1.0 -1.0 30.0 -1.0 -1.0 32.0 -1.0 -1.0 42.0 34.0 
-1.0 17.0 -1.0 42.0 27.0 -1.0 -1.0 -1.0 43.0 -1.0 
46.0 -1.0 40.0 -1.0 -1.0 27.0 27.0 23.0 -1.0 25.0 
-1.0 -1.0 49.0 22.0 -1.0 -1.0 15.0 17.0 21.0 49.0 
21.0 -1.0 16.0 26.0 36.0 -1.0 -1.0 33.0 15.0 -1.0 
-1.0 31.0 28.0 37.0 24.0 -1.0 50.0 -1.0 -1.0 -1.0 
-1.0 11.0 -1.0 -1.0 -1.0 42.0 -1.0 34.0 10.0 16.0 
27.0 15.0 47.0 32.0 11.0 -1.0 -1.0 15.0 43.0 -1.0 
-1.0 22.0 48.0 -1.0 -1.0 -1.0 33.0 23.0 -1.0 -1.0 
15.0 26.0 17.0 48.0 37.0 21.0 40.0 23.0 -1.0 -1.0 
13.0 31.0 -1.0 -1.0 19.0 32.0 -1.0 31.0 50.0 -1.0 
-1.0 -1.0 -1.0 37.0 -1.0 -1.0 -1.0 35.0 17.0 45.0 
-1.0 -1.0 -1.0 32.0 11.0 18.0 18.0 37.0 -1.0 16.0 
-1.0 47.0 29.0 -1.0 -1.0 17.0 26.0 47.0 -1.0 22.0 
-1.0 26.0 -1.0 40.0 -1.0 45.0 -1.0 -1.0 34.0 -1.0 
28.0 -1.0 13.0 19.0 -1.0 39.0 -1.0 -1.0 -1.0 34.0 
16.0 21.0 -1.0 21.0 40.0 -1.0 -1.0 27.0 32.0 12.0 
45.0 41.0 40.0 -1.0 -1.0 -1.0 30.0 42.0 36.0 13.0 
38.0 -1.0 -1.0 36.0 -1.0 -1.0 -1.0 28.0 -1.0 38.0 
21.0 -1.0 -1.0 -1.0 42.0 41.0 46.0 -1.0 -1.0 35.0 
36.0 -1.0 26.0 41.0 36.0 -1.0 -1.0 36.0 -1.0 39.0 
23.0 32.0 -1.0 11.0 -1.0 -1.0 40.0 18.0 -1.0 -1.0 
33.0 18.0 31.0 15.0 -1.0 29.0 39.0 49.0 -1.0 23.0 
21.0 -1.0 -1.0 32.0 -1.0 16.0 -1.0 21.0 -1.0 -1.0 
-1.0 38.0 -1.0 -1.0 -1.0 10.0 45.0 -1.0 -1.0 20.0 
48.0 44.0 48.0 22.0 -1.0 -1.0 36.0 42.0 -1.0 -1.0 
31.0 33.0 19.0 42.0 43.0 20.0 -1.0 -1.0 44.0 31.0 
-1.0 38.0 31.0 17.0 -1.0 10.0 33.0 49.0 50.0 36.0 
-1.0 35.0 -1.0 -1.0 10.0 23.0 19.0 -1.0 -1.0 49.0 
17.0 -1.0 -1.0 -1.0 -1.0 -1.0 28.0 31.0 -1.0 36.0 
15.0 13.0 37.0 -1.0 -1.0 42.0 -1.0 44.0 39.0 -1.0 
-1.0 24.0 27.0 10.0 28.0 10.0 -1.0 -1.0 -1.0 21.0 
-1.0 50.0 32.0 10.0 28.0 18.0 46.0 45.0 29.0 -1.0 
11.0 -1.0 30.0 38.0 -1.0 -1.0 18.0 35.0 -1.0 -1.0 
38.0 -1.0 -1.0 35.0 25.0 -1.0 -1.0 26.0 24.0 19.0 
36.0 -1.0 -1.0 14.0 29.0 41.0 32.0 19.0 -1.0 -1.0 
26.0 47.0 24.0 -1.0 14.0 -1.0 -1.0 10.0 -1.0 10.0 
-1.0 48.0 47.0 47.0 -1.0 41.0 30.0 22.0 36.0 46.0 
-1.0 33.0 -1.0 48.0 -1.0 -1.0 23.0 20.0 -1.0 41.0 
-1.0 -1.0 -1.0 34.0 31.0 -1.0 46.0 38.0 -1.0 -1.0 
-1.0 45.0 18.0 -1.0 18.0 29.0 24.0 48.0 -1.0 -1.0 
21.0 31.0 28.0 -1.0 -1.0 -1.0 -1.0 -1.0 45.0 18.0 
19.0 17.0 13.0 49.0 -1.0 23.0 -1.0 39.0 37.0 26.0 
18.0 39.0 16.0 -1.0 15.0 30.0 12.0 -1.0 46.0 22.0 
33.0 28.0 -1.0 20.0 -1.0 16.0 44.0 34.0 28.0 13.0 
23.0 24.0 -1.0 47.0 49.0 19.0 -1.0 -1.0 -1.0 45.0 
48.0 -1.0 44.0 46.0 -1.0 40.0 -1.0 -1.0 13.0 -1.0 
44.0 34.0 -1.0 -1.0 -1.0 25.0 39.0 20.0 34.0 -1.0 
36.0 -1.0 -1.0 -1.0 -1.0 -1.0 24.0 39.0 47.0 -1.0 
-1.0 41.0 -1.0 -1.0 -1.0 -1.0 17.0 24.0 14.0 -1.0 
-1.0 20.0 -1.0 28.0 23.0 15.0 11.0 19.0 33.0 11.0 
16.0 24.0 34.0 12.0 25.0 -1.0 -1.0 10.0 11.0 15.0 
34.0 20.0 -1.0 38.0 16.0 -1.0 34.0 38.0 -1.0 -1.0 
42.0 -1.0 -1.0 41.0 26.0 -1.0 16.0 -1.0 30.0 42.0 
20.0 -1.0 -1.0 -1.0 -1.0 12.0 44.0 30.0 -1.0 38.0 
-1.0 11.0 -1.0 -1.0 44.0 -1.0 28.0 -1.0 33.0 -1.0 
11.0 12.0 -1.0 17.0 -1.0 37.0 11.0 33.0 40.0 -1.0 
20.0 26.0 -1.0 34.0 -1.0 17.0 48.0 -1.0 -1.0 31.0 
13.0 32.0 -1.0 24.0 -1.0 32.0 36.0 -1.0 50.0 -1.0 
-1.0 50.0 27.0 31.0 50.0 29.0 -1.0 -1.0 28.0 16.0 
35.0 49.0 23.0 13.0 42.0 -1.0 31.0 26.0 11.0 -1.0 
45.0 31.0 37.0 -1.0 44.0 42.0 -1.0 -1.0 12.0 33.0 
-1.0 20.0 -1.0 31.0 -1.0 21.0 44.0 19.0 17.0 -1.0 
29.0 -1.0 -1.0 29.0 -1.0 42.0 -1.0 -1.0 -1.0 16.0 
-1.0 -1.0 49.0 -1.0 36.0 -1.0 17.0 -1.0 -1.0 21.0 
18.0 42.0 38.0 40.0 12.0 -1.0 38.0 43.0 -1.0 20.0 
15.0 49.0 42.0 -1.0 20.0 34.0 16.0 12.0 -1.0 50.0 
20.0 36.0 39.0 45.0 -1.0 28.0 18.0 38.0 -1.0 43.0 
16.0 -1.0 29.0 -1.0 25.0 18.0 -1.0 33.0 -1.0 -1.0 
39.0 31.0 -1.0 49.0 27.0 32.0 -1.0 19.0 48.0 -1.0 
-1.0 -1.0 29.0 16.0 30.0 24.0 -1.0 -1.0 -1.0 -1.0 
26.0 -1.0 -1.0 40.0 39.0 -1.0 35.0 -1.0 -1.0 10.0 
-1.0 -1.0 -1.0 47.0 -1.0 35.0 43.0 42.0 42.0 13.0 
47.0 29.0 18.0 45.0 48.0 -1.0 19.0 33.0 -1.0 25.0 
17.0 -1.0 -1.0 32.0 -1.0 15.0 -1.0 -1.0 -1.0 12.0 
-1.0 23.0 18.0 28.0 26.0 28.0 -1.0 -1.0 38.0 47.0 
-1.0 -1.0 -1.0 26.0 15.0 45.0 44.0 -1.0 33.0 26.0 
-1.0 -1.0 -1.0 13.0 34.0 35.0 -1.0 36.0 38.0 -1.0 
44.0 43.0 -1.0 -1.0 -1.0 24.0 -1.0 -1.0 -1.0 25.0 
45.0 22.0 19.0 -1.0 40.0 43.0 44.0 -1.0 -1.0 23.0 
33.0 -1.0 49.0 -1.0 29.0 -1.0 -1.0 -1.0 11.0 -1.0 
28.0 -1.0 -1.0 16.0 11.0 27.0 -1.0 37.0 50.0 18.0 
-1.0 41.0 48.0 47.0 -1.0 33.0 50.0 44.0 25.0 17.0 
44.0 31.0 -1.0 19.0 37.0 -1.0 -1.0 -1.0 46.0 23.0 
42.0 22.0 15.0 50.0 38.0 -1.0 -1.0 -1.0 25.0 32.0 
27.0 48.0 -1.0 -1.0 -1.0 32.0 -1.0 -1.0 10.0 -1.0 
-1.0 41.0 16.0 32.0 -1.0 11.0 -1.0 41.0 47.0 31.0 
48.0 22.0 -1.0 23.0 -1.0 18.0 -1.0 -1.0 -1.0 19.0 
35.0 -1.0 24.0 -1.0 -1.0 -1.0 26.0 44.0 12.0 49.0 
24.0 -1.0 -1.0 18.0 17.0 -1.0 -1.0 15.0 38.0 34.0 
23.0 11.0 39.0 22.0 26.0 -1.0 -1.0 40.0 43.0 17.0 
-1.0 -1.0 36.0 -1.0 -1.0 -1.0 -1.0 48.0 14.0 17.0 
11.0 46.0 12.0 10.0 11.0 27.0 -1.0 -1.0 17.0 48.0 
48.0 -1.0 36.0 -1.0 18.0 46.0 42.0 45.0 -1.0 34.0 
41.0 30.0 18.0 28.0 13.0 16.0 -1.0 -1.0 19.0 -1.0 
-1.0 -1.0 -1.0 -1.0 26.0 23.0 -1.0 -1.0 21.0 11.0 
23.0 -1.0 -1.0 38.0 -1.0 42.0 35.0 26.0 20.0 -1.0 
50.0 -1.0 -1.0 -1.0 38.0 34.0 -1.0 -1.0 -1.0 49.0 
43.0 -1.0 -1.0 23.0 43.0 22.0 -1.0 48.0 -1.0 30.0 
-1.0 10.0 49.0 -1.0 -1.0 39.0 -1.0 10.0 47.0 37.0 
47.0 -1.0 47.0 -1.0 -1.0 -1.0 33.0 -1.0 49.0 -1.0 
-1.0 42.0 -1.0 50.0 -1.0 -1.0 -1.0 -1.0 11.0 12.0 
-1.0 -1.0 -1.0 22.0 21.0 14.0 -1.0 42.0 -1.0 19.0 
-1.0 42.0 33.0 -1.0 21.0 -1.0 -1.0 25.0 41.0 -1.0 
-1.0 38.0 36.0 22.0 -1.0 22.0 49.0 30.0 26.0 12.0 
-1.0 30.0 37.0 -1.0 49.0 -1.0 -1.0 -1.0 15.0 -1.0 
13.0 -1.0 -1.0 -1.0 49.0 -1.0 29.0 46.0 -1.0 28.0 
18.0 32.0 48.0 -1.0 -1.0 11.0 -1.0 -1.0 14.0 -1.0 
22.0 28.0 -1.0 36.0 33.0 17.0 -1.0 27.0 36.0 -1.0 
-1.0 -1.0 33.0 40.0 -1.0 -1.0 -1.0 -1.0 39.0 34.0 
30.0 10.0 36.0 34.0 13.0 -1.0 18.0 46.0 -1.0 47.0 
-1.0 26.0 -1.0 27.0 46.0 -1.0 23.0 30.0 -1.0 -1.0 
20.0 26.0 40.0 -1.0 43.0 -1.0 45.0 19.0 -1.0 16.0 
-1.0 -1.0 17.0 41.0 -1.0 25.0 28.0 -1.0 32.0 15.0 
33.0 15.0 14.0 -1.0 -1.0 19.0 44.0 11.0 46.0 27.0 
50.0 12.0 18.0 -1.0 -1.0 -1.0 41.0 34.0 35.0 -1.0 
26.0 45.0 28.0 45.0 -1.0 20.0 -1.0 -1.0 -1.0 22.0 
-1.0 -1.0 21.0 28.0 -1.0 10.0 18.0 -1.0 -1.0 22.0 
