***n m*** 
10 6 
***h*** 
8 5 7 10 5 6 6 5 9 6 
***d*** 
459.06 523.87 62.98 63.48 231.19 355.76 245.34 241.31 581.06 549.67 
***M*** 
6 1 4 3 
5 2 
1 6 3 
1 5 3 2 
3 2 1 4 6 
2 3 1 5 
2 1 6 4 
1 2 
3 6 4 5 
3 2 
3 2 4 5 1 
6 2 3 4 5 
5 6 3 1 2 4 
1 3 
5 1 4 2 
5 6 3 
4 5 2 6 
4 6 3 2 5 
6 3 1 2 4 
6 5 3 
5 6 3 4 1 2 
4 1 3 2 6 5 
5 1 3 2 4 
2 1 5 3 
5 2 
5 4 3 6 1 
6 3 
2 6 3 
4 3 6 2 5 1 
3 4 5 1 
1 4 6 3 2 5 
4 6 5 
3 4 1 5 
3 1 5 6 
1 3 4 
1 2 4 5 
1 4 
1 4 3 
2 4 6 
3 6 
2 3 
6 2 3 4 
6 5 1 2 4 
3 4 
6 3 5 2 4 
5 3 2 4 6 
6 4 5 1 3 2 
4 2 5 6 1 3 
1 6 
2 5 4 1 
1 6 4 3 2 5 
1 4 2 5 
1 5 2 3 6 
5 1 6 
5 1 6 4 2 
3 4 2 
1 6 5 4 
3 6 5 2 1 4 
3 5 4 6 1 
1 3 2 6 4 
1 6 4 3 
4 3 6 1 2 
1 5 3 6 
5 2 1 
4 3 2 1 5 
2 4 
3 6 4 
***P*** 
12.0 -1.0 28.0 34.0 -1.0 39.0 
-1.0 11.0 -1.0 -1.0 42.0 -1.0 
47.0 -1.0 24.0 -1.0 -1.0 12.0 
42.0 49.0 10.0 -1.0 27.0 -1.0 
36.0 15.0 27.0 37.0 -1.0 10.0 
35.0 31.0 34.0 -1.0 42.0 -1.0 
48.0 18.0 -1.0 27.0 -1.0 43.0 
50.0 23.0 -1.0 -1.0 -1.0 -1.0 
-1.0 -1.0 32.0 34.0 33.0 43.0 
-1.0 44.0 42.0 -1.0 -1.0 -1.0 
20.0 27.0 37.0 39.0 28.0 -1.0 
-1.0 23.0 37.0 49.0 17.0 23.0 
46.0 37.0 44.0 15.0 42.0 27.0 
36.0 -1.0 49.0 -1.0 -1.0 -1.0 
49.0 18.0 -1.0 33.0 22.0 -1.0 
-1.0 -1.0 34.0 -1.0 17.0 23.0 
-1.0 30.0 -1.0 38.0 21.0 50.0 
-1.0 39.0 20.0 25.0 43.0 17.0 
13.0 26.0 18.0 40.0 -1.0 44.0 
-1.0 -1.0 47.0 -1.0 19.0 39.0 
11.0 29.0 34.0 47.0 38.0 14.0 
28.0 26.0 30.0 33.0 43.0 17.0 
38.0 10.0 44.0 34.0 31.0 -1.0 
23.0 29.0 44.0 -1.0 41.0 -1.0 
-1.0 20.0 -1.0 -1.0 17.0 -1.0 
22.0 -1.0 13.0 21.0 19.0 31.0 
-1.0 -1.0 26.0 -1.0 -1.0 20.0 
-1.0 38.0 14.0 -1.0 -1.0 29.0 
24.0 28.0 32.0 19.0 10.0 48.0 
43.0 -1.0 28.0 15.0 47.0 -1.0 
40.0 16.0 41.0 15.0 15.0 33.0 
-1.0 -1.0 -1.0 46.0 31.0 47.0 
22.0 -1.0 48.0 32.0 13.0 -1.0 
24.0 -1.0 50.0 -1.0 41.0 44.0 
47.0 -1.0 14.0 39.0 -1.0 -1.0 
43.0 42.0 -1.0 13.0 49.0 -1.0 
46.0 -1.0 -1.0 29.0 -1.0 -1.0 
24.0 -1.0 36.0 34.0 -1.0 -1.0 
-1.0 50.0 -1.0 12.0 -1.0 20.0 
-1.0 -1.0 18.0 -1.0 -1.0 50.0 
-1.0 15.0 22.0 -1.0 -1.0 -1.0 
-1.0 43.0 15.0 28.0 -1.0 30.0 
31.0 49.0 -1.0 30.0 16.0 13.0 
-1.0 -1.0 33.0 46.0 -1.0 -1.0 
-1.0 47.0 40.0 15.0 35.0 20.0 
-1.0 44.0 22.0 17.0 47.0 37.0 
37.0 38.0 11.0 28.0 23.0 49.0 
26.0 47.0 14.0 32.0 16.0 20.0 
21.0 -1.0 -1.0 -1.0 -1.0 33.0 
44.0 26.0 -1.0 45.0 44.0 -1.0 
24.0 44.0 14.0 45.0 33.0 38.0 
12.0 12.0 -1.0 23.0 50.0 -1.0 
14.0 39.0 18.0 -1.0 25.0 50.0 
20.0 -1.0 -1.0 -1.0 38.0 20.0 
15.0 43.0 -1.0 11.0 41.0 25.0 
-1.0 13.0 18.0 24.0 -1.0 -1.0 
39.0 -1.0 -1.0 43.0 43.0 38.0 
33.0 12.0 39.0 27.0 41.0 14.0 
14.0 -1.0 49.0 33.0 19.0 36.0 
45.0 36.0 16.0 45.0 -1.0 39.0 
44.0 -1.0 36.0 39.0 -1.0 26.0 
45.0 10.0 42.0 33.0 -1.0 32.0 
16.0 -1.0 29.0 -1.0 13.0 15.0 
38.0 15.0 -1.0 -1.0 24.0 -1.0 
42.0 16.0 36.0 43.0 28.0 -1.0 
-1.0 12.0 -1.0 46.0 -1.0 -1.0 
-1.0 -1.0 40.0 45.0 -1.0 16.0 
