***n m*** 
5 6 
***h*** 
7 10 8 9 8 
***d*** 
286.06 205.28 433.24 352.21 356.01 
***M*** 
5 2 4 1 6 
6 4 1 3 2 
6 4 1 3 5 
1 3 
1 2 3 4 5 
4 1 3 
1 6 3 5 4 
5 6 1 2 3 
1 5 
6 2 3 5 
1 6 3 4 
4 2 
1 6 3 4 
5 2 3 4 
2 3 4 5 6 
5 1 4 3 
3 6 
6 1 
6 1 4 3 5 
3 1 4 6 
2 3 1 6 4 5 
5 3 6 1 
3 4 2 6 
1 3 5 
1 3 
5 2 1 4 6 3 
6 5 4 
2 6 3 1 
5 1 4 3 
1 4 3 6 
4 6 3 1 5 
1 5 4 2 3 
4 5 6 1 
4 6 1 
4 1 5 
2 5 3 1 4 6 
6 1 3 2 4 5 
3 5 
5 1 4 
3 2 4 
3 1 4 6 
2 4 3 1 6 5 
***P*** 
18.0 21.0 -1.0 46.0 22.0 21.0 
15.0 50.0 49.0 23.0 -1.0 17.0 
43.0 -1.0 38.0 17.0 17.0 20.0 
49.0 -1.0 13.0 -1.0 -1.0 -1.0 
40.0 11.0 41.0 36.0 33.0 -1.0 
39.0 -1.0 18.0 34.0 -1.0 -1.0 
46.0 -1.0 40.0 21.0 34.0 43.0 
25.0 10.0 18.0 -1.0 17.0 25.0 
48.0 -1.0 -1.0 -1.0 13.0 -1.0 
-1.0 44.0 31.0 -1.0 20.0 15.0 
40.0 -1.0 48.0 12.0 -1.0 18.0 
-1.0 24.0 -1.0 35.0 -1.0 -1.0 
11.0 -1.0 11.0 26.0 -1.0 40.0 
-1.0 44.0 45.0 30.0 14.0 -1.0 
-1.0 14.0 10.0 14.0 20.0 15.0 
12.0 -1.0 49.0 12.0 37.0 -1.0 
-1.0 -1.0 48.0 -1.0 -1.0 42.0 
31.0 -1.0 -1.0 -1.0 -1.0 37.0 
47.0 -1.0 30.0 48.0 33.0 43.0 
18.0 -1.0 17.0 48.0 -1.0 45.0 
16.0 12.0 36.0 22.0 45.0 25.0 
28.0 -1.0 27.0 -1.0 49.0 23.0 
-1.0 49.0 14.0 18.0 -1.0 38.0 
10.0 -1.0 41.0 -1.0 10.0 -1.0 
23.0 -1.0 12.0 -1.0 -1.0 -1.0 
29.0 36.0 28.0 32.0 35.0 27.0 
-1.0 -1.0 -1.0 25.0 20.0 14.0 
23.0 20.0 16.0 -1.0 -1.0 16.0 
48.0 -1.0 31.0 42.0 36.0 -1.0 
15.0 -1.0 32.0 23.0 -1.0 45.0 
39.0 -1.0 50.0 14.0 35.0 38.0 
28.0 44.0 17.0 31.0 35.0 -1.0 
26.0 -1.0 -1.0 46.0 47.0 37.0 
23.0 -1.0 -1.0 10.0 -1.0 49.0 
42.0 -1.0 -1.0 32.0 26.0 -1.0 
42.0 47.0 33.0 22.0 38.0 20.0 
22.0 15.0 49.0 43.0 46.0 14.0 
-1.0 -1.0 45.0 -1.0 20.0 -1.0 
24.0 -1.0 -1.0 16.0 48.0 -1.0 
-1.0 43.0 50.0 46.0 -1.0 -1.0 
40.0 -1.0 38.0 12.0 -1.0 24.0 
47.0 33.0 12.0 25.0 39.0 41.0 
