***n m*** 
5 6 
***h*** 
9 8 7 7 10 
***d*** 
191.74 282.36 186.33 346.09 206.6 
***M*** 
1 2 
5 1 4 2 3 6 
1 5 2 6 3 4 
1 4 2 6 3 5 
4 6 
3 5 1 
6 1 3 
2 1 6 3 5 4 
3 4 5 1 2 
2 3 5 1 
2 5 
4 1 
3 5 1 
5 2 3 6 
5 4 3 6 1 
3 4 1 6 5 
3 1 6 2 5 
4 3 2 6 
2 6 3 1 4 
2 1 4 6 5 
2 5 6 
2 3 1 6 4 5 
2 5 4 3 
1 2 
6 4 1 
3 6 4 1 
1 2 3 
6 4 5 3 
2 3 4 1 5 6 
2 3 4 5 6 
3 4 1 
1 3 
6 4 5 
2 5 6 1 3 4 
1 6 4 3 2 5 
3 6 5 4 1 
5 6 1 3 
6 5 4 
1 6 3 2 
5 6 3 
5 1 
***P*** 
11.0 28.0 -1.0 -1.0 -1.0 -1.0 
50.0 15.0 21.0 39.0 12.0 38.0 
28.0 43.0 18.0 45.0 15.0 22.0 
47.0 48.0 46.0 36.0 25.0 43.0 
-1.0 -1.0 -1.0 20.0 -1.0 44.0 
26.0 -1.0 32.0 -1.0 38.0 -1.0 
34.0 -1.0 41.0 -1.0 -1.0 30.0 
47.0 47.0 20.0 17.0 19.0 46.0 
16.0 19.0 16.0 16.0 48.0 -1.0 
15.0 46.0 47.0 -1.0 45.0 -1.0 
-1.0 37.0 -1.0 -1.0 44.0 -1.0 
34.0 -1.0 -1.0 27.0 -1.0 -1.0 
10.0 -1.0 43.0 -1.0 15.0 -1.0 
-1.0 12.0 29.0 -1.0 32.0 25.0 
15.0 -1.0 36.0 42.0 43.0 11.0 
20.0 -1.0 18.0 20.0 25.0 19.0 
18.0 12.0 21.0 -1.0 37.0 26.0 
-1.0 28.0 49.0 27.0 -1.0 28.0 
11.0 10.0 36.0 39.0 -1.0 13.0 
20.0 50.0 -1.0 37.0 22.0 42.0 
-1.0 32.0 -1.0 -1.0 28.0 42.0 
26.0 39.0 34.0 22.0 35.0 35.0 
-1.0 42.0 32.0 34.0 19.0 -1.0 
22.0 27.0 -1.0 -1.0 -1.0 -1.0 
45.0 -1.0 -1.0 47.0 -1.0 44.0 
30.0 -1.0 27.0 23.0 -1.0 44.0 
23.0 35.0 39.0 -1.0 -1.0 -1.0 
-1.0 -1.0 35.0 37.0 29.0 26.0 
45.0 12.0 31.0 41.0 45.0 22.0 
-1.0 42.0 29.0 36.0 24.0 10.0 
31.0 -1.0 34.0 45.0 -1.0 -1.0 
12.0 -1.0 43.0 -1.0 -1.0 -1.0 
-1.0 -1.0 -1.0 19.0 24.0 24.0 
47.0 47.0 21.0 37.0 36.0 37.0 
26.0 36.0 17.0 40.0 49.0 23.0 
39.0 -1.0 29.0 42.0 24.0 35.0 
40.0 -1.0 49.0 -1.0 22.0 49.0 
-1.0 -1.0 -1.0 30.0 36.0 30.0 
50.0 14.0 10.0 -1.0 -1.0 36.0 
-1.0 -1.0 43.0 -1.0 37.0 49.0 
22.0 -1.0 -1.0 -1.0 14.0 -1.0 
