***n m*** 
10 6 
***h*** 
6 7 8 7 8 10 7 8 10 5 
***d*** 
268.15 607.9 634.07 477.9 66.63 508.2 69.8 492.74 295.63 448.81 
***M*** 
1 4 3 2 6 
6 2 3 4 
2 6 3 5 4 1 
5 2 
6 3 5 4 
5 3 4 1 2 
1 4 6 2 
1 2 
2 4 6 5 
3 4 2 5 6 
1 6 2 3 
3 5 2 1 
1 6 5 3 4 2 
2 6 5 1 
5 4 1 2 
4 2 6 5 
2 5 4 3 
5 2 
4 6 3 2 5 
2 6 1 
4 1 5 6 3 
3 2 4 
5 4 
6 3 2 5 4 1 
1 5 6 3 2 4 
2 6 4 1 3 
5 1 
2 5 1 
3 1 2 6 
4 2 1 6 
3 5 2 6 1 4 
2 1 3 6 
4 3 6 5 1 2 
4 6 1 
1 6 
2 6 5 4 
5 1 
2 4 5 
4 3 2 1 6 
4 5 3 2 
4 6 3 5 1 
1 6 3 4 2 
4 5 
2 4 
3 4 2 5 
5 4 3 2 1 
2 6 
6 5 4 2 
5 2 3 4 1 6 
2 3 6 1 
2 5 
5 2 3 4 
2 4 
3 2 4 5 
4 6 2 5 3 
2 4 5 3 1 
3 6 4 2 5 1 
5 6 
4 1 2 6 3 5 
1 4 2 
3 1 
4 5 3 6 
6 3 1 2 5 
5 3 1 2 
2 3 4 
5 4 6 2 3 1 
3 1 6 4 5 
1 4 3 2 
6 4 1 5 2 
3 1 5 
3 6 4 2 
3 5 
2 4 6 1 5 
6 3 2 1 4 
4 2 1 3 6 5 
1 2 
***P*** 
37.0 44.0 39.0 18.0 -1.0 41.0 
-1.0 46.0 39.0 14.0 -1.0 24.0 
25.0 11.0 45.0 16.0 25.0 21.0 
-1.0 29.0 -1.0 -1.0 48.0 -1.0 
-1.0 -1.0 42.0 49.0 28.0 36.0 
30.0 14.0 43.0 16.0 30.0 -1.0 
49.0 48.0 -1.0 27.0 -1.0 23.0 
15.0 31.0 -1.0 -1.0 -1.0 -1.0 
-1.0 29.0 -1.0 38.0 17.0 11.0 
-1.0 46.0 34.0 33.0 30.0 28.0 
34.0 16.0 18.0 -1.0 -1.0 47.0 
20.0 27.0 24.0 -1.0 37.0 -1.0 
43.0 34.0 27.0 49.0 16.0 12.0 
15.0 29.0 -1.0 -1.0 47.0 15.0 
44.0 34.0 -1.0 36.0 24.0 -1.0 
-1.0 16.0 -1.0 45.0 48.0 22.0 
-1.0 15.0 35.0 17.0 24.0 -1.0 
-1.0 28.0 -1.0 -1.0 39.0 -1.0 
-1.0 18.0 24.0 41.0 12.0 12.0 
49.0 19.0 -1.0 -1.0 -1.0 31.0 
27.0 -1.0 33.0 37.0 38.0 40.0 
-1.0 22.0 18.0 10.0 -1.0 -1.0 
-1.0 -1.0 -1.0 40.0 47.0 -1.0 
16.0 42.0 44.0 35.0 49.0 34.0 
32.0 42.0 12.0 25.0 27.0 29.0 
22.0 45.0 49.0 32.0 -1.0 46.0 
20.0 -1.0 -1.0 -1.0 38.0 -1.0 
36.0 28.0 -1.0 -1.0 26.0 -1.0 
47.0 20.0 37.0 -1.0 -1.0 28.0 
43.0 28.0 -1.0 44.0 -1.0 29.0 
10.0 26.0 42.0 27.0 24.0 17.0 
32.0 33.0 17.0 -1.0 -1.0 47.0 
47.0 46.0 35.0 15.0 22.0 45.0 
26.0 -1.0 -1.0 39.0 -1.0 22.0 
13.0 -1.0 -1.0 -1.0 -1.0 39.0 
-1.0 49.0 -1.0 12.0 24.0 23.0 
45.0 -1.0 -1.0 -1.0 43.0 -1.0 
-1.0 23.0 -1.0 42.0 36.0 -1.0 
33.0 16.0 24.0 38.0 -1.0 20.0 
-1.0 37.0 45.0 21.0 27.0 -1.0 
35.0 -1.0 31.0 46.0 31.0 22.0 
22.0 16.0 40.0 21.0 -1.0 14.0 
-1.0 -1.0 -1.0 24.0 46.0 -1.0 
-1.0 12.0 -1.0 49.0 -1.0 -1.0 
-1.0 22.0 50.0 28.0 43.0 -1.0 
23.0 35.0 18.0 36.0 28.0 -1.0 
-1.0 12.0 -1.0 -1.0 -1.0 24.0 
-1.0 40.0 -1.0 27.0 28.0 10.0 
41.0 21.0 45.0 40.0 28.0 22.0 
13.0 38.0 18.0 -1.0 -1.0 26.0 
-1.0 46.0 -1.0 -1.0 25.0 -1.0 
-1.0 33.0 39.0 28.0 47.0 -1.0 
-1.0 41.0 -1.0 24.0 -1.0 -1.0 
-1.0 16.0 48.0 14.0 46.0 -1.0 
-1.0 18.0 42.0 48.0 12.0 25.0 
46.0 43.0 31.0 15.0 30.0 -1.0 
35.0 31.0 10.0 19.0 45.0 21.0 
-1.0 -1.0 -1.0 -1.0 45.0 43.0 
32.0 42.0 41.0 29.0 32.0 18.0 
35.0 26.0 -1.0 10.0 -1.0 -1.0 
37.0 -1.0 42.0 -1.0 -1.0 -1.0 
-1.0 -1.0 25.0 28.0 27.0 35.0 
33.0 17.0 10.0 -1.0 25.0 19.0 
13.0 41.0 42.0 -1.0 14.0 -1.0 
-1.0 34.0 48.0 19.0 -1.0 -1.0 
47.0 28.0 46.0 27.0 11.0 11.0 
44.0 -1.0 36.0 42.0 27.0 12.0 
45.0 31.0 19.0 32.0 -1.0 -1.0 
18.0 27.0 -1.0 26.0 29.0 36.0 
50.0 -1.0 25.0 -1.0 25.0 -1.0 
-1.0 46.0 33.0 49.0 -1.0 27.0 
-1.0 -1.0 14.0 -1.0 47.0 -1.0 
33.0 10.0 -1.0 49.0 32.0 46.0 
34.0 44.0 16.0 34.0 -1.0 47.0 
29.0 13.0 40.0 46.0 27.0 28.0 
19.0 42.0 -1.0 -1.0 -1.0 -1.0 
