***n m*** 
10 6 
***h*** 
7 9 7 6 6 9 5 5 9 9 
***d*** 
279.69 494.09 592.67 405.23 588.89 275.62 440.5 361.85 631.71 411.36 
***M*** 
3 5 4 6 
3 5 2 4 6 
1 4 
1 6 4 
3 2 1 5 4 6 
5 1 3 4 6 
4 1 3 5 2 6 
4 1 2 
3 6 1 4 2 
5 1 
2 4 
4 3 2 5 1 
3 6 5 1 2 
3 6 5 
5 4 3 2 1 6 
3 5 4 2 1 
5 1 3 
4 1 6 3 2 5 
1 5 6 
3 1 4 5 
1 3 6 2 4 5 
6 5 
2 6 1 
6 5 3 2 
1 2 3 4 5 6 
1 6 2 5 
2 6 4 1 3 5 
2 6 5 4 
3 5 1 
3 1 
2 1 3 
1 6 4 5 2 
4 3 5 
1 2 
5 2 1 
4 3 1 2 5 6 
1 2 
1 6 4 
4 2 
3 5 
6 2 
5 3 4 2 6 1 
2 3 6 
6 3 5 1 4 
4 6 
3 6 
6 3 1 4 
4 3 2 6 1 5 
5 3 4 2 6 
1 4 2 6 5 
3 4 1 6 5 
4 6 2 1 5 3 
5 2 3 4 
1 4 5 3 2 6 
1 4 2 5 6 3 
4 6 2 3 1 
1 2 4 3 
2 1 
6 4 3 5 
6 5 2 3 
2 3 
6 4 1 
6 1 2 
1 6 3 4 5 
2 4 3 6 1 5 
2 6 1 3 5 
3 2 5 
6 5 3 
1 6 2 4 
2 3 1 
4 5 1 
5 4 1 6 2 
***P*** 
-1.0 -1.0 15.0 34.0 18.0 41.0 
-1.0 19.0 42.0 49.0 40.0 35.0 
22.0 -1.0 -1.0 11.0 -1.0 -1.0 
25.0 -1.0 -1.0 12.0 -1.0 46.0 
33.0 47.0 49.0 23.0 47.0 41.0 
46.0 -1.0 26.0 31.0 36.0 44.0 
11.0 32.0 32.0 50.0 40.0 44.0 
42.0 17.0 -1.0 30.0 -1.0 -1.0 
48.0 49.0 14.0 24.0 -1.0 47.0 
17.0 -1.0 -1.0 -1.0 23.0 -1.0 
-1.0 39.0 -1.0 22.0 -1.0 -1.0 
31.0 47.0 30.0 24.0 42.0 -1.0 
38.0 20.0 24.0 -1.0 23.0 37.0 
-1.0 -1.0 24.0 -1.0 43.0 39.0 
37.0 24.0 36.0 40.0 19.0 12.0 
31.0 47.0 24.0 24.0 40.0 -1.0 
41.0 -1.0 40.0 -1.0 42.0 -1.0 
11.0 36.0 34.0 10.0 10.0 39.0 
22.0 -1.0 -1.0 -1.0 31.0 36.0 
50.0 -1.0 49.0 24.0 38.0 -1.0 
33.0 11.0 18.0 29.0 33.0 16.0 
-1.0 -1.0 -1.0 -1.0 14.0 18.0 
37.0 41.0 -1.0 -1.0 -1.0 31.0 
-1.0 44.0 29.0 -1.0 25.0 37.0 
26.0 20.0 18.0 28.0 44.0 13.0 
36.0 19.0 -1.0 -1.0 49.0 29.0 
36.0 48.0 40.0 10.0 49.0 35.0 
-1.0 39.0 -1.0 48.0 13.0 34.0 
49.0 -1.0 41.0 -1.0 43.0 -1.0 
27.0 -1.0 21.0 -1.0 -1.0 -1.0 
46.0 34.0 44.0 -1.0 -1.0 -1.0 
21.0 10.0 -1.0 12.0 35.0 35.0 
-1.0 -1.0 14.0 46.0 30.0 -1.0 
23.0 23.0 -1.0 -1.0 -1.0 -1.0 
24.0 43.0 -1.0 -1.0 47.0 -1.0 
35.0 13.0 46.0 38.0 48.0 37.0 
12.0 36.0 -1.0 -1.0 -1.0 -1.0 
23.0 -1.0 -1.0 50.0 -1.0 45.0 
-1.0 16.0 -1.0 41.0 -1.0 -1.0 
-1.0 -1.0 47.0 -1.0 43.0 -1.0 
-1.0 43.0 -1.0 -1.0 -1.0 12.0 
49.0 24.0 24.0 39.0 19.0 40.0 
-1.0 22.0 23.0 -1.0 -1.0 26.0 
20.0 -1.0 46.0 22.0 28.0 10.0 
-1.0 -1.0 -1.0 29.0 -1.0 32.0 
-1.0 -1.0 35.0 -1.0 -1.0 32.0 
38.0 -1.0 31.0 19.0 -1.0 46.0 
29.0 19.0 19.0 31.0 50.0 32.0 
-1.0 41.0 24.0 44.0 33.0 35.0 
32.0 32.0 -1.0 32.0 49.0 33.0 
50.0 -1.0 32.0 49.0 42.0 32.0 
33.0 29.0 23.0 20.0 17.0 40.0 
-1.0 45.0 34.0 18.0 41.0 -1.0 
27.0 26.0 35.0 38.0 39.0 19.0 
37.0 17.0 13.0 50.0 14.0 16.0 
49.0 29.0 33.0 48.0 -1.0 33.0 
47.0 47.0 10.0 11.0 -1.0 -1.0 
38.0 23.0 -1.0 -1.0 -1.0 -1.0 
-1.0 -1.0 38.0 42.0 24.0 36.0 
-1.0 36.0 13.0 -1.0 24.0 37.0 
-1.0 25.0 18.0 -1.0 -1.0 -1.0 
31.0 -1.0 -1.0 15.0 -1.0 48.0 
19.0 23.0 -1.0 -1.0 -1.0 39.0 
15.0 -1.0 28.0 22.0 33.0 21.0 
45.0 47.0 12.0 32.0 32.0 36.0 
38.0 33.0 33.0 -1.0 12.0 14.0 
-1.0 42.0 12.0 -1.0 41.0 -1.0 
-1.0 -1.0 21.0 -1.0 30.0 37.0 
37.0 34.0 -1.0 50.0 -1.0 24.0 
47.0 42.0 28.0 -1.0 -1.0 -1.0 
11.0 -1.0 -1.0 25.0 41.0 -1.0 
21.0 22.0 -1.0 43.0 25.0 44.0 
