***n m*** 
10 6 
***h*** 
7 5 6 8 6 6 10 10 6 5 
***d*** 
545.54 242.82 517.93 437.75 349.68 233.67 541.73 575.48 521.6 229.01 
***M*** 
6 4 1 5 2 3 
5 1 3 
5 6 
2 6 4 5 
1 4 6 3 2 5 
5 4 1 3 2 6 
3 5 1 
1 3 
1 3 6 5 2 
2 3 4 6 1 
4 3 1 6 2 5 
2 4 
6 1 
5 4 6 
2 1 5 4 6 
1 4 
4 5 
6 4 1 5 
5 3 
2 1 
1 2 
5 2 
3 2 
4 1 6 
2 5 4 6 
3 1 2 6 4 5 
2 4 
5 2 1 4 
5 1 
2 6 5 
3 5 2 1 4 
1 4 3 6 
5 2 
1 2 5 
6 5 2 1 3 
6 1 2 5 
4 1 2 5 3 
6 3 4 1 
1 2 5 6 3 4 
6 3 1 5 2 4 
3 5 4 1 2 
2 4 6 1 
5 1 4 
1 4 3 5 2 6 
6 4 1 2 5 
5 3 4 1 6 
4 1 6 2 
3 4 6 
1 5 2 6 4 
5 4 
2 3 6 1 5 4 
5 2 4 1 
6 5 1 3 2 
2 1 
4 3 
5 1 4 3 2 
1 4 
2 1 6 3 
6 1 5 4 
6 2 4 
3 6 4 
2 4 
1 6 3 4 
4 2 3 5 6 1 
6 2 
1 6 4 5 3 
5 2 
2 5 6 1 3 4 
1 6 2 5 3 
***P*** 
44.0 33.0 11.0 42.0 48.0 16.0 
42.0 -1.0 28.0 -1.0 43.0 -1.0 
-1.0 -1.0 -1.0 -1.0 20.0 14.0 
-1.0 11.0 -1.0 39.0 29.0 10.0 
24.0 35.0 12.0 13.0 50.0 12.0 
37.0 39.0 37.0 46.0 31.0 10.0 
10.0 -1.0 42.0 -1.0 23.0 -1.0 
22.0 -1.0 37.0 -1.0 -1.0 -1.0 
29.0 27.0 24.0 -1.0 37.0 31.0 
32.0 38.0 17.0 16.0 -1.0 22.0 
28.0 46.0 16.0 40.0 36.0 24.0 
-1.0 33.0 -1.0 41.0 -1.0 -1.0 
45.0 -1.0 -1.0 -1.0 -1.0 44.0 
-1.0 -1.0 -1.0 38.0 33.0 22.0 
28.0 16.0 -1.0 45.0 22.0 50.0 
16.0 -1.0 -1.0 40.0 -1.0 -1.0 
-1.0 -1.0 -1.0 45.0 18.0 -1.0 
12.0 -1.0 -1.0 48.0 18.0 11.0 
-1.0 -1.0 26.0 -1.0 19.0 -1.0 
17.0 42.0 -1.0 -1.0 -1.0 -1.0 
25.0 15.0 -1.0 -1.0 -1.0 -1.0 
-1.0 45.0 -1.0 -1.0 33.0 -1.0 
-1.0 49.0 30.0 -1.0 -1.0 -1.0 
36.0 -1.0 -1.0 27.0 -1.0 18.0 
-1.0 24.0 -1.0 31.0 29.0 18.0 
19.0 33.0 43.0 12.0 48.0 48.0 
-1.0 34.0 -1.0 24.0 -1.0 -1.0 
14.0 22.0 -1.0 17.0 44.0 -1.0 
29.0 -1.0 -1.0 -1.0 38.0 -1.0 
-1.0 35.0 -1.0 -1.0 21.0 49.0 
40.0 27.0 46.0 47.0 29.0 -1.0 
10.0 -1.0 17.0 40.0 -1.0 39.0 
-1.0 48.0 -1.0 -1.0 13.0 -1.0 
18.0 32.0 -1.0 -1.0 28.0 -1.0 
11.0 25.0 42.0 -1.0 44.0 23.0 
31.0 33.0 -1.0 -1.0 40.0 49.0 
21.0 32.0 14.0 48.0 36.0 -1.0 
26.0 -1.0 21.0 42.0 -1.0 15.0 
14.0 50.0 14.0 18.0 17.0 50.0 
20.0 47.0 45.0 40.0 21.0 34.0 
18.0 14.0 48.0 16.0 25.0 -1.0 
25.0 28.0 -1.0 18.0 -1.0 31.0 
26.0 -1.0 -1.0 42.0 22.0 -1.0 
19.0 46.0 35.0 31.0 35.0 29.0 
20.0 42.0 -1.0 43.0 41.0 35.0 
15.0 -1.0 19.0 23.0 19.0 17.0 
12.0 18.0 -1.0 20.0 -1.0 22.0 
-1.0 -1.0 10.0 40.0 -1.0 11.0 
29.0 24.0 -1.0 12.0 48.0 18.0 
-1.0 -1.0 -1.0 21.0 16.0 -1.0 
46.0 26.0 45.0 29.0 30.0 45.0 
36.0 28.0 -1.0 10.0 10.0 -1.0 
28.0 38.0 44.0 -1.0 41.0 14.0 
42.0 34.0 -1.0 -1.0 -1.0 -1.0 
-1.0 -1.0 43.0 23.0 -1.0 -1.0 
11.0 39.0 22.0 47.0 49.0 -1.0 
44.0 -1.0 -1.0 15.0 -1.0 -1.0 
23.0 27.0 38.0 -1.0 -1.0 35.0 
32.0 -1.0 -1.0 43.0 32.0 41.0 
-1.0 32.0 -1.0 13.0 -1.0 24.0 
-1.0 -1.0 36.0 18.0 -1.0 31.0 
-1.0 21.0 -1.0 24.0 -1.0 -1.0 
30.0 -1.0 46.0 26.0 -1.0 19.0 
27.0 18.0 47.0 19.0 18.0 45.0 
-1.0 40.0 -1.0 -1.0 -1.0 38.0 
14.0 -1.0 47.0 48.0 20.0 37.0 
-1.0 47.0 -1.0 -1.0 35.0 -1.0 
21.0 11.0 29.0 34.0 24.0 39.0 
37.0 12.0 32.0 -1.0 34.0 11.0 
