***n m*** 
5 7 
***h*** 
10 5 10 5 5 
***d*** 
43.9 219.24 412.16 332.59 37.42 
***M*** 
7 6 2 
7 4 3 5 
4 5 
1 2 
4 1 5 2 7 6 
2 3 7 5 
6 7 4 2 3 1 
3 4 
4 1 6 5 
3 6 1 5 2 4 
7 1 
3 1 5 
2 5 
1 4 2 5 3 
5 6 
7 1 6 3 5 
2 3 
7 5 2 6 
6 5 3 4 2 
5 4 2 6 7 3 
7 1 5 3 
5 2 4 7 3 
5 3 4 1 2 
1 3 2 5 4 
5 3 6 1 2 
4 7 
2 4 
1 5 4 
4 5 7 3 6 2 
6 4 3 
7 4 3 2 6 
3 2 4 7 5 6 
2 3 6 
5 4 6 7 2 3 
3 4 7 5 1 6 
***P*** 
-1.0 12.0 -1.0 -1.0 -1.0 17.0 19.0 
-1.0 -1.0 30.0 36.0 47.0 -1.0 24.0 
-1.0 -1.0 -1.0 36.0 34.0 -1.0 -1.0 
44.0 42.0 -1.0 -1.0 -1.0 -1.0 -1.0 
23.0 41.0 -1.0 28.0 21.0 26.0 13.0 
-1.0 30.0 10.0 -1.0 41.0 -1.0 49.0 
30.0 14.0 41.0 13.0 -1.0 14.0 39.0 
-1.0 -1.0 30.0 31.0 -1.0 -1.0 -1.0 
47.0 -1.0 -1.0 42.0 38.0 14.0 -1.0 
11.0 46.0 28.0 34.0 22.0 14.0 -1.0 
12.0 -1.0 -1.0 -1.0 -1.0 -1.0 46.0 
47.0 -1.0 15.0 -1.0 50.0 -1.0 -1.0 
-1.0 44.0 -1.0 -1.0 13.0 -1.0 -1.0 
24.0 48.0 21.0 38.0 26.0 -1.0 -1.0 
-1.0 -1.0 -1.0 -1.0 17.0 27.0 -1.0 
20.0 -1.0 21.0 -1.0 23.0 31.0 46.0 
-1.0 19.0 35.0 -1.0 -1.0 -1.0 -1.0 
-1.0 50.0 -1.0 -1.0 33.0 31.0 25.0 
-1.0 38.0 34.0 14.0 31.0 43.0 -1.0 
-1.0 20.0 38.0 42.0 49.0 12.0 37.0 
29.0 -1.0 25.0 -1.0 24.0 -1.0 49.0 
-1.0 21.0 13.0 12.0 39.0 -1.0 11.0 
48.0 42.0 27.0 24.0 50.0 -1.0 -1.0 
13.0 10.0 18.0 41.0 43.0 -1.0 -1.0 
42.0 13.0 31.0 -1.0 48.0 38.0 -1.0 
-1.0 -1.0 -1.0 41.0 -1.0 -1.0 28.0 
-1.0 31.0 -1.0 16.0 -1.0 -1.0 -1.0 
34.0 -1.0 -1.0 44.0 49.0 -1.0 -1.0 
-1.0 32.0 33.0 10.0 21.0 41.0 24.0 
-1.0 -1.0 24.0 19.0 -1.0 18.0 -1.0 
-1.0 17.0 41.0 45.0 -1.0 20.0 22.0 
-1.0 16.0 30.0 25.0 38.0 45.0 25.0 
-1.0 46.0 11.0 -1.0 -1.0 43.0 -1.0 
-1.0 47.0 29.0 39.0 17.0 48.0 32.0 
39.0 -1.0 33.0 23.0 49.0 42.0 10.0 
