***n m*** 
10 6 
***h*** 
8 7 6 9 9 9 9 7 6 9 
***d*** 
420.44 487.19 416.88 440.21 680.69 439.84 74.34 69.98 70.9 449.23 
***M*** 
2 6 
6 3 
5 4 1 6 
3 4 1 5 2 6 
5 2 3 1 
4 6 2 5 3 1 
1 3 2 6 
5 3 4 6 
4 5 
6 3 2 4 
6 3 5 
3 1 6 2 
4 3 1 5 
5 2 3 4 1 
2 4 1 6 
6 2 1 4 5 
1 3 4 
2 6 3 1 4 5 
1 2 6 5 4 3 
1 2 3 5 
5 4 1 6 3 2 
2 6 
2 4 5 
5 4 2 
1 4 
3 2 
3 6 1 5 
6 4 2 1 5 
5 2 6 
1 5 2 
6 5 2 
1 4 6 3 5 2 
2 5 
2 3 4 
5 4 
3 6 
4 1 5 
5 2 6 1 
5 3 6 1 
5 4 6 3 1 2 
1 3 6 
3 5 2 6 1 4 
3 2 
3 2 6 4 5 
1 2 4 3 
6 3 4 
6 1 
3 2 1 6 5 4 
2 1 5 
5 6 4 2 1 
5 1 2 6 
6 5 1 2 4 3 
4 2 6 3 
3 4 5 2 6 
5 6 2 3 1 
5 4 2 1 6 
1 6 
3 4 
2 4 
2 3 1 4 
5 6 4 3 2 
2 4 1 5 3 
2 3 6 4 5 1 
5 6 2 
1 5 3 4 
1 5 2 4 6 3 
1 2 6 5 4 3 
5 3 2 4 6 
1 5 4 3 2 6 
5 1 
2 6 3 5 1 
3 5 6 4 
1 3 2 
5 4 3 2 
2 4 5 3 1 
4 5 2 
5 3 2 6 
5 1 
6 1 5 
***P*** 
-1.0 26.0 -1.0 -1.0 -1.0 32.0 
-1.0 -1.0 24.0 -1.0 -1.0 18.0 
11.0 -1.0 -1.0 36.0 34.0 44.0 
48.0 39.0 18.0 43.0 12.0 32.0 
25.0 23.0 36.0 -1.0 27.0 -1.0 
42.0 26.0 36.0 37.0 24.0 48.0 
14.0 42.0 25.0 -1.0 -1.0 42.0 
-1.0 -1.0 29.0 21.0 49.0 27.0 
-1.0 -1.0 -1.0 41.0 14.0 -1.0 
-1.0 41.0 35.0 17.0 -1.0 41.0 
-1.0 -1.0 14.0 -1.0 35.0 18.0 
48.0 32.0 33.0 -1.0 -1.0 14.0 
33.0 -1.0 30.0 47.0 24.0 -1.0 
31.0 24.0 37.0 16.0 41.0 -1.0 
24.0 29.0 -1.0 45.0 -1.0 24.0 
36.0 16.0 -1.0 30.0 30.0 47.0 
23.0 -1.0 12.0 31.0 -1.0 -1.0 
42.0 23.0 10.0 48.0 44.0 20.0 
42.0 47.0 34.0 32.0 25.0 27.0 
39.0 35.0 29.0 -1.0 22.0 -1.0 
42.0 25.0 50.0 43.0 30.0 37.0 
-1.0 22.0 -1.0 -1.0 -1.0 39.0 
-1.0 31.0 -1.0 12.0 24.0 -1.0 
-1.0 14.0 -1.0 20.0 35.0 -1.0 
48.0 -1.0 -1.0 49.0 -1.0 -1.0 
-1.0 41.0 16.0 -1.0 -1.0 -1.0 
13.0 -1.0 38.0 -1.0 26.0 12.0 
29.0 23.0 -1.0 27.0 46.0 31.0 
-1.0 45.0 -1.0 -1.0 14.0 46.0 
45.0 11.0 -1.0 -1.0 24.0 -1.0 
-1.0 46.0 -1.0 -1.0 17.0 19.0 
11.0 18.0 36.0 24.0 15.0 22.0 
-1.0 22.0 -1.0 -1.0 29.0 -1.0 
-1.0 32.0 38.0 39.0 -1.0 -1.0 
-1.0 -1.0 -1.0 27.0 20.0 -1.0 
-1.0 -1.0 26.0 -1.0 -1.0 30.0 
26.0 -1.0 -1.0 15.0 12.0 -1.0 
15.0 37.0 -1.0 -1.0 44.0 33.0 
39.0 -1.0 44.0 -1.0 42.0 29.0 
30.0 20.0 49.0 45.0 47.0 19.0 
11.0 -1.0 25.0 -1.0 -1.0 27.0 
41.0 19.0 32.0 34.0 13.0 44.0 
-1.0 11.0 30.0 -1.0 -1.0 -1.0 
-1.0 16.0 35.0 39.0 47.0 15.0 
33.0 17.0 40.0 41.0 -1.0 -1.0 
-1.0 -1.0 25.0 47.0 -1.0 37.0 
37.0 -1.0 -1.0 -1.0 -1.0 44.0 
23.0 13.0 16.0 38.0 40.0 45.0 
15.0 46.0 -1.0 -1.0 35.0 -1.0 
28.0 35.0 -1.0 32.0 40.0 33.0 
35.0 26.0 -1.0 -1.0 12.0 22.0 
48.0 47.0 27.0 33.0 43.0 30.0 
-1.0 26.0 23.0 45.0 -1.0 11.0 
-1.0 24.0 50.0 46.0 31.0 12.0 
43.0 17.0 12.0 -1.0 42.0 15.0 
10.0 31.0 -1.0 37.0 39.0 17.0 
34.0 -1.0 -1.0 -1.0 -1.0 26.0 
-1.0 -1.0 43.0 25.0 -1.0 -1.0 
-1.0 32.0 -1.0 30.0 -1.0 -1.0 
33.0 31.0 44.0 27.0 -1.0 -1.0 
-1.0 49.0 33.0 42.0 50.0 40.0 
36.0 46.0 30.0 43.0 22.0 -1.0 
48.0 21.0 45.0 18.0 35.0 28.0 
-1.0 11.0 -1.0 -1.0 19.0 20.0 
49.0 -1.0 19.0 33.0 22.0 -1.0 
31.0 41.0 49.0 32.0 22.0 30.0 
31.0 36.0 35.0 18.0 47.0 32.0 
-1.0 15.0 30.0 48.0 17.0 33.0 
35.0 40.0 38.0 10.0 22.0 40.0 
43.0 -1.0 -1.0 -1.0 48.0 -1.0 
21.0 20.0 36.0 -1.0 44.0 19.0 
-1.0 -1.0 30.0 25.0 48.0 39.0 
28.0 16.0 34.0 -1.0 -1.0 -1.0 
-1.0 26.0 33.0 46.0 42.0 -1.0 
13.0 33.0 46.0 12.0 14.0 -1.0 
-1.0 35.0 -1.0 18.0 15.0 -1.0 
-1.0 28.0 18.0 -1.0 39.0 43.0 
33.0 -1.0 -1.0 -1.0 18.0 -1.0 
42.0 -1.0 -1.0 -1.0 29.0 17.0 
