***n m*** 
5 6 
***h*** 
8 6 6 7 5 
***d*** 
159.61 221.6 38.38 266.25 322.79 
***M*** 
1 4 
3 2 6 4 
5 1 
2 3 6 4 
2 6 3 1 5 
6 5 
5 3 4 6 
3 4 6 5 1 
6 2 5 1 
6 3 2 
4 1 6 3 2 
3 2 6 5 
2 4 3 6 5 
1 2 
3 1 2 6 4 
1 4 3 6 
5 2 6 
1 2 6 
4 1 6 
5 4 6 1 
6 3 2 4 1 5 
2 1 4 3 6 
3 2 1 6 4 5 
6 4 2 3 5 
2 3 4 1 6 
5 6 3 
5 3 6 1 
4 6 3 
2 5 
3 5 1 
4 5 
4 3 1 2 6 5 
***P*** 
50.0 -1.0 -1.0 24.0 -1.0 -1.0 
-1.0 30.0 44.0 46.0 -1.0 43.0 
34.0 -1.0 -1.0 -1.0 41.0 -1.0 
-1.0 37.0 10.0 40.0 -1.0 10.0 
34.0 16.0 50.0 -1.0 33.0 49.0 
-1.0 -1.0 -1.0 -1.0 13.0 27.0 
-1.0 -1.0 30.0 42.0 11.0 18.0 
21.0 -1.0 31.0 47.0 32.0 39.0 
18.0 45.0 -1.0 -1.0 43.0 39.0 
-1.0 20.0 43.0 -1.0 -1.0 26.0 
25.0 49.0 18.0 47.0 -1.0 43.0 
-1.0 17.0 36.0 -1.0 37.0 15.0 
-1.0 49.0 28.0 29.0 35.0 45.0 
42.0 28.0 -1.0 -1.0 -1.0 -1.0 
33.0 41.0 29.0 29.0 -1.0 32.0 
27.0 -1.0 31.0 43.0 -1.0 50.0 
-1.0 33.0 -1.0 -1.0 41.0 48.0 
11.0 35.0 -1.0 -1.0 -1.0 28.0 
25.0 -1.0 -1.0 27.0 -1.0 48.0 
39.0 -1.0 -1.0 30.0 10.0 35.0 
48.0 38.0 24.0 21.0 25.0 43.0 
39.0 13.0 10.0 23.0 -1.0 38.0 
47.0 13.0 43.0 17.0 22.0 26.0 
-1.0 27.0 14.0 49.0 35.0 44.0 
31.0 45.0 12.0 50.0 -1.0 27.0 
-1.0 -1.0 50.0 -1.0 13.0 15.0 
23.0 -1.0 13.0 -1.0 46.0 12.0 
-1.0 -1.0 22.0 21.0 -1.0 36.0 
-1.0 32.0 -1.0 -1.0 48.0 -1.0 
41.0 -1.0 17.0 -1.0 24.0 -1.0 
-1.0 -1.0 -1.0 21.0 24.0 -1.0 
41.0 15.0 36.0 34.0 38.0 41.0 
