***n m*** 
5 6 
***h*** 
6 6 7 9 10 
***d*** 
40.45 303.42 42.74 45.62 194.41 
***M*** 
6 2 5 3 1 4 
5 4 1 2 
6 3 
4 5 3 1 6 
5 2 
6 2 4 5 1 3 
6 2 3 4 1 5 
6 4 5 2 3 1 
5 1 6 3 
2 5 
3 4 1 5 
5 2 
3 6 1 2 4 5 
3 1 6 5 
5 6 3 1 
2 3 6 
5 2 6 1 3 
4 5 
2 3 1 6 5 4 
4 1 
1 6 3 4 5 
4 6 5 1 
3 6 4 5 2 1 
5 6 4 3 1 2 
3 5 6 
3 5 4 
6 4 
3 2 1 
2 6 
5 3 2 1 4 
6 5 
1 2 
6 1 
4 3 2 1 5 6 
2 4 6 1 3 5 
1 3 
1 3 5 6 
1 4 5 
***P*** 
17.0 47.0 30.0 27.0 15.0 30.0 
48.0 29.0 -1.0 37.0 24.0 -1.0 
-1.0 -1.0 23.0 -1.0 -1.0 41.0 
26.0 -1.0 12.0 32.0 28.0 12.0 
-1.0 15.0 -1.0 -1.0 30.0 -1.0 
47.0 33.0 40.0 29.0 16.0 32.0 
46.0 21.0 39.0 31.0 49.0 39.0 
22.0 37.0 10.0 35.0 33.0 39.0 
17.0 -1.0 23.0 -1.0 46.0 16.0 
-1.0 42.0 -1.0 -1.0 29.0 -1.0 
48.0 -1.0 39.0 41.0 39.0 -1.0 
-1.0 41.0 -1.0 -1.0 47.0 -1.0 
20.0 28.0 21.0 36.0 15.0 22.0 
34.0 -1.0 50.0 -1.0 27.0 35.0 
12.0 -1.0 50.0 -1.0 42.0 24.0 
-1.0 19.0 50.0 -1.0 -1.0 34.0 
31.0 13.0 34.0 -1.0 29.0 13.0 
-1.0 -1.0 -1.0 15.0 42.0 -1.0 
30.0 34.0 14.0 16.0 48.0 11.0 
45.0 -1.0 -1.0 37.0 -1.0 -1.0 
21.0 -1.0 33.0 33.0 31.0 12.0 
21.0 -1.0 -1.0 49.0 31.0 11.0 
47.0 47.0 22.0 20.0 47.0 40.0 
50.0 12.0 37.0 48.0 30.0 46.0 
-1.0 -1.0 27.0 -1.0 44.0 26.0 
-1.0 -1.0 17.0 10.0 37.0 -1.0 
-1.0 -1.0 -1.0 20.0 -1.0 34.0 
28.0 19.0 48.0 -1.0 -1.0 -1.0 
-1.0 36.0 -1.0 -1.0 -1.0 33.0 
25.0 33.0 16.0 26.0 33.0 -1.0 
-1.0 -1.0 -1.0 -1.0 37.0 14.0 
18.0 24.0 -1.0 -1.0 -1.0 -1.0 
38.0 -1.0 -1.0 -1.0 -1.0 43.0 
23.0 37.0 38.0 22.0 17.0 11.0 
38.0 38.0 46.0 31.0 21.0 50.0 
32.0 -1.0 50.0 -1.0 -1.0 -1.0 
38.0 -1.0 18.0 -1.0 23.0 48.0 
23.0 -1.0 -1.0 21.0 42.0 -1.0 
